0 -0.073956 0.085172
1 -0.122338 0.114180
2 -0.110682 0.070526
3 -0.092757 0.093346
4 -0.035769 0.115989
5 -0.021143 0.073884
6 -0.005680 0.091222
7 -0.099263 0.118516
8 -0.127496 0.074982
9 -0.153055 0.092585
10 -0.029095 0.101401
11 -0.096014 0.119567
12 -0.090550 0.103747
13 -0.123890 0.112151
14 -0.148644 0.086381
15 -0.156684 0.077565
16 -0.028092 0.083726
17 -0.102309 0.121125
18 -0.138703 0.125033
19 -0.131248 0.105426
20 -0.150431 0.098374
21 -0.098860 0.103183
22 -0.131186 0.123913
23 -0.144722 0.049030
24 -0.117290 0.086084
25 -0.108290 0.062750
26 -0.133585 0.066284
27 -0.148578 0.091360
28 -0.137756 0.106111
29 -0.151494 0.061946
30 -0.146267 0.090710
31 -0.104906 0.088685
32 -0.149648 0.065892
33 -0.151965 0.099225
