0 0.145268 0.069412 0.041225 -0.081481
1 0.164899 0.089448 0.049923 -0.123372
2 0.157357 0.037201 0.052885 -0.120334
3 0.144205 0.061375 0.057718 -0.115087
4 0.136176 0.089693 0.061551 -0.107962
5 0.115766 0.111169 0.059544 -0.068792
6 0.116630 0.123135 0.060837 -0.053571
7 0.146329 0.082176 0.060022 -0.099612
8 0.201451 0.030634 0.037069 -0.121579
9 0.201237 0.026225 0.015958 -0.108069
10 0.119796 0.094417 0.036796 -0.097301
11 0.163587 0.076593 0.035367 -0.100799
12 0.150537 0.060063 0.042225 -0.105321
13 0.162548 0.077843 0.041902 -0.097324
14 0.210014 0.031817 0.011034 -0.126240
15 0.227326 0.020009 -0.001162 -0.126514
16 0.109413 0.098336 0.028480 -0.058133
17 0.163867 0.085071 0.040709 -0.096159
18 0.217607 0.044990 0.016426 -0.116552
19 0.159457 0.068368 0.011564 -0.094845
20 0.211704 0.032001 -0.008268 -0.121410
21 0.151949 0.076886 0.028903 -0.107856
22 0.208236 0.048012 0.011510 -0.112205
23 0.217245 0.010214 -0.042649 -0.137809
24 0.224415 0.031282 -0.030255 -0.095498
25 0.229430 0.026542 -0.038381 -0.100940
26 0.239926 0.022462 -0.025752 -0.118696
27 0.229092 0.020821 -0.028874 -0.106006
28 0.165279 0.042869 -0.014544 -0.085532
29 0.218880 0.004056 -0.027825 -0.136169
30 0.218857 0.032548 0.020333 -0.136481
31 0.219326 0.046068 -0.026608 -0.084684
32 0.224599 0.019767 0.026778 -0.126642
33 0.196197 0.030117 -0.022874 -0.110005
