0 0.096744 0.027204 0.062613 -0.019337
1 0.125350 0.035437 0.081867 -0.036266
2 0.106814 0.020619 0.087366 -0.030129
3 0.087491 0.032143 0.097066 -0.024380
4 0.080624 0.045713 0.098710 -0.024271
5 0.072075 0.053389 0.093729 -0.006698
6 0.076505 0.058034 0.099824 -0.000621
7 0.093543 0.039723 0.093219 -0.023242
8 0.144371 0.008267 0.068441 -0.034489
9 0.127337 0.005303 0.035068 -0.021684
10 0.071115 0.049494 0.072040 -0.021826
11 0.091725 0.036260 0.068443 -0.019335
12 0.075161 0.028755 0.076470 -0.023644
13 0.110995 0.034924 0.070655 -0.020941
14 0.166827 -0.003318 0.037080 -0.040545
15 0.182953 -0.013341 0.019346 -0.039247
16 0.084536 0.043564 0.058843 -0.002280
17 0.111793 0.031790 0.068929 -0.023183
18 0.161808 0.006686 0.044616 -0.030123
19 0.107627 0.025148 0.034657 -0.020439
20 0.183072 -0.005073 0.024624 -0.039504
21 0.117461 0.031342 0.062565 -0.029841
22 0.163931 0.007791 0.044316 -0.028902
23 0.200348 -0.017077 -0.012499 -0.041016
24 0.157800 0.005048 -0.010579 -0.011207
25 0.173282 -0.002187 -0.018844 -0.013748
26 0.181585 -0.008190 -0.007504 -0.032207
27 0.164800 -0.004002 -0.014706 -0.021449
28 0.096654 0.016541 -0.000263 -0.011739
29 0.194919 -0.021821 0.005237 -0.043543
30 0.184535 -0.000610 0.052370 -0.045314
31 0.143026 0.019501 -0.002587 0.007215
32 0.208639 -0.028431 0.057240 -0.074874
33 0.141007 -0.008478 -0.008903 -0.020908
