0 0.001401 0.002975 0.008891 -0.001867
1 0.003521 0.003834 0.007724 -0.004155
2 -0.001835 0.001776 0.009351 -0.002891
3 -0.001953 0.002417 0.011217 -0.000860
4 0.000410 0.003026 0.016070 -0.002618
5 0.001004 0.004394 0.009763 -0.000500
6 0.002235 0.003610 0.010624 0.001480
7 -0.001371 0.001958 0.008722 -0.001209
8 -0.000861 0.000845 0.012405 -0.002241
9 0.003619 -0.001444 0.010444 -0.001148
10 -0.001203 0.004548 0.010693 -0.005268
11 -0.004173 0.005448 0.005550 -0.001786
12 -0.009612 0.002831 0.010338 -0.000715
13 0.004021 0.005326 0.009421 -0.000845
14 0.005303 0.001092 0.008686 -0.003016
15 0.003663 -0.000359 0.011227 -0.001513
16 0.000678 0.004418 0.005010 0.003620
17 0.005799 0.003836 0.006822 0.001233
18 0.001390 0.003253 0.011219 -0.001186
19 -0.000835 0.002755 0.003845 -0.002433
20 0.006666 0.003916 0.002944 -0.000153
21 0.004191 0.005177 0.009874 -0.000282
22 0.007412 0.001900 0.012347 0.000814
23 0.005988 0.001364 0.003494 -0.001907
24 0.005015 -0.000147 0.005203 -0.000761
25 0.008412 0.000291 0.003327 0.000254
26 0.002130 0.001227 0.001567 -0.000120
27 0.003123 0.003104 0.003587 -0.000990
28 -0.002441 0.002844 0.006935 -0.003775
29 0.005427 0.000766 0.006319 -0.003077
30 0.003422 0.001761 0.008969 -0.000281
31 0.005129 0.002350 0.002916 0.003424
32 0.009772 0.000015 0.012157 -0.002921
33 0.001365 0.002033 0.003293 -0.002000
