0 0.051525 0.053977
1 0.016980 0.066399
2 0.012361 0.057936
3 0.014799 0.063349
4 0.050549 0.066449
5 0.059896 0.053408
6 0.074287 0.064505
7 0.012168 0.069259
8 -0.018295 0.038203
9 -0.025586 0.041012
10 0.051296 0.060194
11 0.028146 0.058305
12 0.024294 0.049966
13 0.002533 0.065083
14 -0.034541 0.029774
15 -0.036790 0.033137
16 0.052557 0.054601
17 0.020537 0.053732
18 -0.008822 0.053659
19 0.003049 0.045149
20 -0.044941 0.029847
21 0.018058 0.061929
22 -0.030492 0.045041
23 -0.022701 0.032407
24 0.012721 0.051274
25 0.021368 0.052296
26 -0.022898 0.031969
27 -0.022327 0.045364
28 0.016652 0.060113
29 -0.026879 0.027837
30 -0.042274 0.034168
31 0.031773 0.064704
32 -0.031625 0.020304
33 -0.036995 0.041052
