0 0.002246 0.001593 0.007508 -0.004029
1 0.004724 0.001716 0.005972 -0.007322
2 -0.000255 -0.000500 0.007403 -0.006721
3 -0.000199 0.000039 0.009052 -0.005164
4 0.002323 0.000318 0.013775 -0.006719
5 0.002989 0.001794 0.007632 -0.005069
6 0.004112 0.000992 0.008392 -0.003217
7 0.000583 -0.000589 0.006577 -0.005734
8 0.001008 -0.001704 0.010208 -0.006754
9 0.005401 -0.003893 0.008226 -0.005644
10 0.000802 0.001971 0.008356 -0.009687
11 -0.002254 0.002954 0.003507 -0.006412
12 -0.007589 0.000264 0.008260 -0.005236
13 0.005840 0.002730 0.007336 -0.005415
14 0.007081 -0.001441 0.006592 -0.007530
15 0.005182 -0.002900 0.009203 -0.005966
16 0.002503 0.001934 0.002874 -0.001138
17 0.007719 0.001319 0.004704 -0.003276
18 0.003117 0.000738 0.008924 -0.005888
19 0.001009 0.000147 0.001761 -0.007290
20 0.008298 0.001295 0.000983 -0.004860
21 0.006126 0.002668 0.007590 -0.004798
22 0.009126 -0.000561 0.010076 -0.003831
23 0.007672 -0.001087 0.001565 -0.006583
24 0.006739 -0.002812 0.003248 -0.005538
25 0.010133 -0.002306 0.001485 -0.004526
26 0.003952 -0.001308 -0.000364 -0.004783
27 0.004946 0.000660 0.001710 -0.005781
28 -0.000449 0.000387 0.005079 -0.008545
29 0.007194 -0.001718 0.004350 -0.007667
30 0.005238 -0.000728 0.006778 -0.004821
31 0.006937 -0.000263 0.001157 -0.001437
32 0.011110 -0.002343 0.009781 -0.007383
33 0.003287 -0.000487 0.001657 -0.006658
