0 0.048064 0.093366
1 -0.021107 0.100655
2 -0.052387 0.066343
3 -0.022801 0.086617
4 0.060837 0.098595
5 0.092476 0.083843
6 0.126484 0.101488
7 -0.016616 0.094710
8 -0.124315 0.003534
9 -0.154289 -0.000468
10 0.070107 0.093051
11 -0.000188 0.069087
12 -0.004757 0.056163
13 -0.054196 0.076738
14 -0.167756 -0.025713
15 -0.182006 -0.034345
16 0.072297 0.084322
17 0.000835 0.078475
18 -0.142573 0.007813
19 -0.048867 0.048332
20 -0.173613 -0.032013
21 -0.000201 0.081015
22 -0.143842 0.000201
23 -0.145843 -0.021726
24 -0.058463 0.037784
25 -0.051124 0.041356
26 -0.162535 -0.030247
27 -0.135635 0.008239
28 -0.052996 0.061225
29 -0.167888 -0.037165
30 -0.178936 -0.016388
31 -0.010637 0.079180
32 -0.162921 -0.044788
33 -0.182030 -0.008130
