0 0.006556 0.001195 0.002933 -0.000600
1 0.007995 -0.001543 0.003636 -0.000734
2 0.003886 -0.000717 0.005442 -0.002069
3 0.003660 0.002142 0.005391 -0.000321
4 0.007842 -0.002259 0.010886 0.001850
5 0.009250 0.000172 0.005271 0.001062
6 0.006922 -0.000950 0.005714 0.001345
7 0.004716 -0.001122 0.004609 0.000134
8 0.004960 -0.001920 0.007597 -0.000893
9 0.008295 -0.003667 0.005629 0.000588
10 0.005412 0.001585 0.004058 -0.003893
11 0.000731 0.002547 0.001832 -0.002484
12 -0.003957 -0.000409 0.007490 0.000092
13 0.008577 0.001013 0.006611 -0.000452
14 0.010038 -0.003297 0.006375 -0.001895
15 0.005175 -0.004386 0.008968 0.000427
16 0.003407 0.001244 0.000217 0.002143
17 0.011390 0.001196 0.003133 0.002714
18 0.004950 0.000774 0.004975 -0.001624
19 0.003114 -0.000924 -0.001340 -0.004235
20 0.009369 -0.000010 -0.001030 -0.001418
21 0.010890 0.002957 0.003422 0.001810
22 0.011463 -0.000816 0.006465 0.001601
23 0.008463 -0.001388 0.000465 -0.002392
24 0.008733 -0.005208 0.001146 -0.002178
25 0.011600 -0.004442 0.000866 0.000384
26 0.005248 -0.002833 -0.002288 0.000488
27 0.006679 0.001295 0.000878 -0.002884
28 0.004123 0.000749 0.005211 -0.004841
29 0.011651 -0.001901 0.003456 -0.002292
30 0.008666 -0.001491 0.003756 0.001193
31 0.009061 -0.001880 0.001247 0.001198
32 0.010725 -0.002086 0.006801 -0.001083
33 0.006642 -0.001624 0.001905 -0.001881
