0 0.002377 0.004309
1 0.000227 0.008102
2 0.002310 0.006911
3 -0.000289 0.008078
4 0.005789 0.006049
5 0.007170 0.001198
6 0.009155 0.008034
7 0.000936 0.007107
8 0.001747 0.002123
9 0.000148 0.003730
10 0.003503 0.002420
11 0.004244 0.006108
12 0.001611 0.006022
13 0.002443 0.008393
14 -0.002531 0.000431
15 -0.002306 0.007281
16 0.007036 0.005450
17 0.001763 0.001072
18 0.002910 0.006123
19 0.003119 0.000302
20 -0.003252 0.004977
21 0.006234 0.005960
22 0.001749 0.009222
23 0.000079 0.003186
24 0.003839 0.005152
25 0.005778 0.003977
26 0.000255 0.004231
27 0.000026 0.006759
28 0.006350 0.003437
29 0.002194 0.003539
30 0.001202 0.001710
31 0.003815 0.005583
32 -0.000876 0.001153
33 -0.000902 0.004572
