0 0.005406 0.001230 0.004478 -0.002317
1 0.007125 -0.000270 0.004608 -0.003742
2 0.003040 -0.000508 0.006431 -0.004581
3 0.002860 0.001461 0.007076 -0.003056
4 0.006477 -0.001439 0.012057 -0.002009
5 0.007483 0.000715 0.006754 -0.002318
6 0.006301 -0.000225 0.007271 -0.001582
7 0.003664 -0.000661 0.005937 -0.003011
8 0.003799 -0.001650 0.009097 -0.004032
9 0.007465 -0.003466 0.007084 -0.002649
10 0.004488 0.001892 0.005838 -0.006868
11 0.000314 0.003034 0.003088 -0.005020
12 -0.004537 0.000164 0.008326 -0.002833
13 0.008014 0.001927 0.007337 -0.003416
14 0.009294 -0.002226 0.006935 -0.005044
15 0.005123 -0.003500 0.009656 -0.002902
16 0.003561 0.001862 0.001651 -0.000397
17 0.010556 0.001542 0.004387 -0.000462
18 0.004453 0.000969 0.006803 -0.004385
19 0.002659 -0.000528 0.000593 -0.006596
20 0.009081 0.000492 0.000657 -0.003822
21 0.009696 0.003007 0.005448 -0.001442
22 0.010854 -0.000554 0.008376 -0.001489
23 0.008478 -0.001044 0.002037 -0.005031
24 0.008343 -0.004412 0.002860 -0.004752
25 0.011200 -0.003533 0.002280 -0.002685
26 0.005182 -0.002078 -0.000534 -0.002546
27 0.006413 0.001218 0.002343 -0.005203
28 0.003024 0.000816 0.006279 -0.007350
29 0.010051 -0.001507 0.004556 -0.005251
30 0.007666 -0.000947 0.005248 -0.001956
31 0.008616 -0.001170 0.002237 -0.001173
32 0.010629 -0.001676 0.008020 -0.004342
33 0.006021 -0.000939 0.002984 -0.004783
