0 -0.001801 0.004135 0.012963 -0.004879
1 0.001204 0.005481 0.010709 -0.009368
2 -0.005735 0.002288 0.012322 -0.007786
3 -0.005914 0.002856 0.014477 -0.005743
4 -0.003829 0.005135 0.020599 -0.009051
5 -0.003420 0.006044 0.011988 -0.005294
6 -0.001093 0.005422 0.013348 -0.002627
7 -0.005020 0.002678 0.010904 -0.006743
8 -0.003706 0.001265 0.014673 -0.007784
9 0.001467 -0.001165 0.012424 -0.006799
10 -0.005642 0.005883 0.014612 -0.011313
11 -0.008160 0.006123 0.006735 -0.006564
12 -0.014470 0.003518 0.011991 -0.006008
13 0.001312 0.006586 0.011150 -0.005799
14 0.003314 0.001742 0.010078 -0.008422
15 0.003409 0.000035 0.012235 -0.007165
16 -0.002421 0.005333 0.006661 -0.000130
17 0.002761 0.004416 0.008208 -0.004355
18 -0.000118 0.003824 0.014479 -0.006134
19 -0.003558 0.004077 0.004430 -0.007033
20 0.006029 0.004941 0.002852 -0.004976
21 0.001016 0.005945 0.012675 -0.006736
22 0.005983 0.002477 0.014858 -0.004555
23 0.004990 0.001627 0.002258 -0.006863
24 0.003069 0.001517 0.004585 -0.004434
25 0.006982 0.001350 0.001068 -0.003834
26 -0.000355 0.002067 0.000335 -0.005107
27 0.000643 0.003727 0.001879 -0.004931
28 -0.006824 0.003630 0.005239 -0.008256
29 0.004135 0.000852 0.006253 -0.008524
30 0.001289 0.002364 0.011276 -0.006307
31 0.002083 0.003931 0.000218 0.000504
32 0.011793 -0.000596 0.016896 -0.009582
33 -0.002486 0.002789 -0.000029 -0.006523
