0 0.145485 0.033877 0.046761 -0.051675
1 0.167302 0.045028 0.060867 -0.078976
2 0.157182 0.014536 0.066389 -0.076205
3 0.143545 0.028303 0.071523 -0.072112
4 0.137703 0.045436 0.074336 -0.070690
5 0.124794 0.058871 0.071678 -0.049555
6 0.127608 0.065589 0.074285 -0.041311
7 0.149830 0.039262 0.070821 -0.068348
8 0.206153 0.000752 0.049883 -0.083729
9 0.197197 -0.002164 0.026696 -0.071700
10 0.121787 0.049080 0.048521 -0.065596
11 0.157335 0.034470 0.048799 -0.066813
12 0.140574 0.022281 0.054474 -0.070400
13 0.167486 0.036223 0.052552 -0.066068
14 0.221979 -0.006553 0.022326 -0.090272
15 0.240879 -0.017986 0.011241 -0.090346
16 0.120464 0.049368 0.039789 -0.041076
17 0.163960 0.035162 0.051160 -0.066462
18 0.224419 0.003519 0.029116 -0.080922
19 0.160577 0.025605 0.021490 -0.064824
20 0.229697 -0.008471 0.005328 -0.087344
21 0.152520 0.033546 0.039537 -0.072363
22 0.214500 0.007256 0.024971 -0.076649
23 0.251323 -0.026459 -0.024603 -0.099728
24 0.236038 -0.005167 -0.018493 -0.064687
25 0.251783 -0.012425 -0.026484 -0.069370
26 0.248802 -0.015368 -0.015365 -0.082626
27 0.236674 -0.012105 -0.017746 -0.070803
28 0.159659 0.009992 -0.005808 -0.055129
29 0.242496 -0.031090 -0.014642 -0.096207
30 0.227285 -0.003255 0.029721 -0.092981
31 0.233147 0.013421 -0.011102 -0.045523
32 0.244338 -0.026657 0.035433 -0.105733
33 0.207069 -0.005974 -0.012784 -0.068369
