0 0.065631 0.029244 0.083244 -0.018866
1 0.111393 0.029842 0.105707 -0.040560
2 0.110331 0.015962 0.113551 -0.038675
3 0.101707 0.025725 0.127333 -0.036647
4 0.099759 0.038664 0.130255 -0.038579
5 0.095725 0.043809 0.124472 -0.024442
6 0.100470 0.046454 0.131978 -0.019294
7 0.115348 0.027442 0.124047 -0.040906
8 0.152256 -0.000527 0.100391 -0.049188
9 0.139410 -0.001300 0.058014 -0.035542
10 0.096636 0.041176 0.104690 -0.039605
11 0.113622 0.027620 0.100148 -0.036899
12 0.099890 0.022263 0.109343 -0.040260
13 0.127484 0.025994 0.100728 -0.037814
14 0.170702 -0.010008 0.070874 -0.054013
15 0.182739 -0.018425 0.051669 -0.051647
16 0.110812 0.035530 0.094494 -0.020783
17 0.132453 0.022659 0.102669 -0.040774
18 0.168022 0.000078 0.078906 -0.045188
19 0.131875 0.017803 0.068929 -0.038955
20 0.187199 -0.011859 0.063495 -0.054894
21 0.137925 0.022126 0.101497 -0.048535
22 0.171597 0.000206 0.083113 -0.045410
23 0.190183 -0.018021 0.021118 -0.050867
24 0.152501 0.005567 0.020516 -0.024123
25 0.164041 -0.000377 0.016675 -0.026535
26 0.175571 -0.008499 0.028622 -0.045228
27 0.164341 -0.003497 0.021149 -0.035821
28 0.113523 0.015820 0.033369 -0.029328
29 0.188235 -0.022765 0.046865 -0.055890
30 0.179954 -0.005242 0.092648 -0.059126
31 0.131458 0.020430 0.029219 -0.007048
32 0.201300 -0.035517 0.093037 -0.082345
33 0.154684 -0.014573 0.005874 -0.036941
