0 0.146456 0.052984 0.044000 -0.066667
1 0.160916 0.072676 0.055430 -0.100295
2 0.144753 0.036084 0.060159 -0.097269
3 0.130954 0.055952 0.065139 -0.092755
4 0.124484 0.077776 0.068750 -0.089534
5 0.107649 0.094326 0.066595 -0.062821
6 0.110016 0.103701 0.068470 -0.052168
7 0.135732 0.072964 0.066323 -0.085341
8 0.197954 0.029096 0.044939 -0.103194
9 0.193641 0.023244 0.022064 -0.090576
10 0.111731 0.081041 0.042825 -0.082056
11 0.153203 0.064765 0.042940 -0.085050
12 0.136180 0.051512 0.049021 -0.088439
13 0.157814 0.067490 0.047971 -0.082496
14 0.213875 0.022756 0.017436 -0.109142
15 0.234119 0.010086 0.005276 -0.109294
16 0.108325 0.080799 0.034239 -0.052523
17 0.157924 0.068026 0.046505 -0.082571
18 0.219752 0.032890 0.023387 -0.100205
19 0.153508 0.054342 0.016601 -0.081136
20 0.220081 0.019797 -0.001599 -0.105694
21 0.145000 0.062787 0.034211 -0.090292
22 0.210376 0.035266 0.018608 -0.096094
23 0.234791 -0.000457 -0.034479 -0.120440
24 0.232332 0.019277 -0.024634 -0.083055
25 0.243641 0.013346 -0.031834 -0.087945
26 0.244637 0.009925 -0.019949 -0.101564
27 0.234828 0.010412 -0.023763 -0.089199
28 0.159110 0.031558 -0.010743 -0.071291
29 0.231188 -0.007191 -0.022519 -0.116783
30 0.220804 0.022506 0.024532 -0.113825
31 0.230969 0.036665 -0.016834 -0.068720
32 0.236849 0.009808 0.031076 -0.114901
33 0.200613 0.016900 -0.019978 -0.091383
