0 -0.038673 0.028684 0.078236 -0.006715
1 -0.039611 0.033833 0.079773 -0.014577
2 -0.057275 0.026747 0.076149 -0.006399
3 -0.065495 0.031349 0.088465 -0.002010
4 -0.069223 0.040636 0.100533 -0.006410
5 -0.074902 0.041949 0.084229 0.007106
6 -0.070875 0.042917 0.092865 0.011442
7 -0.068596 0.032718 0.082291 -0.002323
8 -0.053363 0.023259 0.062991 -0.002650
9 -0.060189 0.021997 0.022594 0.010628
10 -0.075690 0.041744 0.087992 -0.004723
11 -0.072053 0.035816 0.066147 0.003085
12 -0.084085 0.032562 0.077979 0.000427
13 -0.058779 0.036889 0.064031 0.003277
14 -0.035790 0.021053 0.045554 -0.003435
15 -0.030440 0.017468 0.034890 -0.000431
16 -0.069584 0.038998 0.070869 0.014743
17 -0.056588 0.032791 0.069745 0.000245
18 -0.044077 0.026805 0.063127 0.000972
19 -0.066021 0.033419 0.041023 0.005255
20 -0.020614 0.023317 0.042669 -0.002339
21 -0.053501 0.034580 0.079822 -0.005797
22 -0.037965 0.024831 0.059990 0.002766
23 -0.033173 0.018664 0.006627 0.005075
24 -0.056815 0.029821 -0.005348 0.023830
25 -0.051122 0.026421 -0.016531 0.023518
26 -0.049887 0.023609 0.002062 0.009382
27 -0.053372 0.026061 -0.004227 0.015348
28 -0.085043 0.033076 -0.001586 0.017082
29 -0.027736 0.016514 0.022267 -0.001110
30 -0.036833 0.023326 0.069301 -0.008165
31 -0.075842 0.037341 -0.020215 0.036685
32 0.009098 0.011165 0.102479 -0.021903
33 -0.064349 0.024945 -0.023879 0.014982
