0 0.104787 0.099491
1 0.058526 0.112103
2 0.048300 0.084450
3 0.086196 0.104251
4 0.188613 0.119753
5 0.233108 0.105602
6 0.262328 0.123420
7 0.109601 0.116817
8 -0.014455 0.031707
9 -0.054675 0.027778
10 0.189056 0.114639
11 0.126941 0.092700
12 0.123026 0.078967
13 0.070164 0.101083
14 -0.069775 0.003907
15 -0.091653 -0.002769
16 0.187145 0.105313
17 0.119733 0.098600
18 -0.047293 0.039335
19 0.061457 0.070652
20 -0.095827 -0.003244
21 0.103332 0.102461
22 -0.067478 0.028790
23 -0.054649 0.006675
24 0.050684 0.061746
25 0.066029 0.064938
26 -0.073535 -0.001228
27 -0.032737 0.036708
28 0.067202 0.085986
29 -0.074195 -0.007765
30 -0.093969 0.011491
31 0.095062 0.099019
32 -0.070808 -0.016790
33 -0.087605 0.022321
