0 0.002574 0.001729 0.006184 -0.003366
1 0.004277 0.001666 0.005137 -0.005981
2 -0.000408 0.000075 0.006674 -0.005712
3 -0.000549 0.000959 0.008088 -0.004167
4 0.002205 0.000334 0.012658 -0.004931
5 0.002846 0.002043 0.007038 -0.003969
6 0.003306 0.001221 0.007689 -0.002467
7 0.000042 0.000082 0.006037 -0.004513
8 0.000299 -0.001013 0.009509 -0.005519
9 0.004429 -0.003104 0.007518 -0.004325
10 0.000619 0.002521 0.007138 -0.008330
11 -0.002757 0.003654 0.003135 -0.005558
12 -0.007905 0.000927 0.007921 -0.004083
13 0.005021 0.003151 0.006942 -0.004451
14 0.006208 -0.000931 0.006279 -0.006408
15 0.003530 -0.002334 0.008984 -0.004656
16 0.001476 0.002589 0.002218 -0.000616
17 0.007069 0.002058 0.004317 -0.002029
18 0.001890 0.001449 0.007894 -0.005050
19 -0.000023 0.000517 0.001326 -0.006643
20 0.006895 0.001664 0.000848 -0.004097
21 0.005696 0.003361 0.006640 -0.003277
22 0.008024 0.000072 0.009227 -0.002739
23 0.006339 -0.000389 0.001702 -0.005684
24 0.005703 -0.002698 0.003062 -0.004986
25 0.008803 -0.001982 0.001764 -0.003672
26 0.002871 -0.000857 -0.000412 -0.003712
27 0.003925 0.001390 0.001903 -0.005213
28 -0.000786 0.001093 0.005386 -0.007744
29 0.006292 -0.000956 0.004237 -0.006483
30 0.004369 -0.000137 0.005981 -0.003485
31 0.005978 0.000053 0.001518 -0.001066
32 0.009119 -0.001374 0.008649 -0.005975
33 0.002758 0.000052 0.002131 -0.005702
