0 -0.011898 0.012620 0.024572 -0.007226
1 -0.007944 0.015469 0.021824 -0.014750
2 -0.019202 0.009924 0.023138 -0.011243
3 -0.021412 0.011340 0.027293 -0.008010
4 -0.020053 0.016862 0.037085 -0.013337
5 -0.021761 0.017508 0.022238 -0.004788
6 -0.017705 0.017386 0.026615 -0.001014
7 -0.020295 0.011519 0.021946 -0.009359
8 -0.014900 0.007903 0.020271 -0.010360
9 -0.011446 0.005633 0.010662 -0.007096
10 -0.023256 0.017004 0.028136 -0.014362
11 -0.024137 0.015190 0.013322 -0.007274
12 -0.033516 0.012146 0.020493 -0.007677
13 -0.012424 0.016407 0.016949 -0.006907
14 -0.004385 0.008170 0.011804 -0.011053
15 -0.000766 0.005535 0.011218 -0.009909
16 -0.018494 0.015413 0.013061 0.002082
17 -0.010565 0.012699 0.014176 -0.006720
18 -0.007668 0.011209 0.022625 -0.008150
19 -0.017664 0.013545 0.004904 -0.007157
20 0.003022 0.011379 0.003896 -0.007553
21 -0.010965 0.014667 0.022445 -0.011474
22 -0.001367 0.009486 0.019211 -0.006695
23 -0.001124 0.006958 -0.007850 -0.006809
24 -0.009521 0.011122 -0.008696 0.001333
25 -0.005318 0.009440 -0.016743 0.001988
26 -0.012168 0.009422 -0.011249 -0.003606
27 -0.012048 0.011061 -0.011653 -0.001166
28 -0.027919 0.012805 -0.009264 -0.003719
29 -0.000777 0.005543 0.000623 -0.009888
30 -0.006460 0.008972 0.017699 -0.010907
31 -0.018024 0.015021 -0.020557 0.010091
32 0.019441 0.001778 0.035398 -0.018449
33 -0.019074 0.010440 -0.021500 -0.002777
