0 0.004319 0.007189
1 0.001828 0.011879
2 0.004412 0.010899
3 0.002334 0.011906
4 0.008821 0.010392
5 0.009941 0.005308
6 0.012351 0.012109
7 0.003138 0.011799
8 0.003740 0.006065
9 0.002090 0.007509
10 0.006453 0.006723
11 0.006482 0.010278
12 0.004213 0.009591
13 0.004351 0.012444
14 -0.000387 0.004177
15 0.000063 0.010716
16 0.009704 0.009215
17 0.004037 0.005356
18 0.005028 0.010882
19 0.005195 0.004384
20 -0.001934 0.008413
21 0.008475 0.010321
22 0.003536 0.012993
23 0.002294 0.007008
24 0.006618 0.009373
25 0.009072 0.008529
26 0.002864 0.007802
27 0.001868 0.010736
28 0.008768 0.008297
29 0.004334 0.007313
30 0.002717 0.006032
31 0.006726 0.009959
32 0.001251 0.004538
33 0.000764 0.008540
