0 -0.002085 0.002289
1 -0.005413 0.005649
2 -0.004710 0.004370
3 -0.008398 0.006038
4 -0.002789 0.003501
5 -0.001238 -0.001215
6 0.000653 0.005871
7 -0.006741 0.004324
8 -0.005753 0.000104
9 -0.007471 0.001847
10 -0.005019 0.000051
11 -0.003554 0.003891
12 -0.006456 0.004571
13 -0.005101 0.006522
14 -0.010574 -0.001318
15 -0.010565 0.005924
16 -0.001302 0.003641
17 -0.006167 -0.001376
18 -0.004800 0.003154
19 -0.004605 -0.002075
20 -0.010337 0.003341
21 -0.001692 0.003418
22 -0.005693 0.007405
23 -0.007858 0.001224
24 -0.004692 0.002810
25 -0.003237 0.001234
26 -0.008151 0.002531
27 -0.007581 0.004580
28 -0.001650 0.000291
29 -0.005688 0.001508
30 -0.005927 -0.000965
31 -0.004666 0.003146
32 -0.008987 -0.000392
33 -0.008405 0.002423
