0 -0.001271 0.006944 0.020037 -0.005913
1 0.003822 0.009424 0.018833 -0.011586
2 -0.003815 0.005914 0.021335 -0.009703
3 -0.003997 0.006862 0.024245 -0.007508
4 -0.001896 0.010172 0.031736 -0.011701
5 -0.001776 0.010843 0.021274 -0.006688
6 0.001237 0.010366 0.023484 -0.003666
7 -0.002676 0.006911 0.020345 -0.008945
8 -0.000526 0.005148 0.023655 -0.010009
9 0.004865 0.002640 0.020698 -0.008896
10 -0.004052 0.010701 0.025131 -0.013862
11 -0.006255 0.010414 0.015124 -0.008253
12 -0.013375 0.007793 0.020912 -0.007976
13 0.004219 0.011187 0.019815 -0.007643
14 0.007274 0.005641 0.018285 -0.010665
15 0.008506 0.003775 0.020014 -0.009511
16 -0.000090 0.009838 0.015059 -0.001028
17 0.005738 0.008590 0.016750 -0.006573
18 0.004254 0.007870 0.024315 -0.008160
19 -0.000635 0.008643 0.011827 -0.008709
20 0.011174 0.009045 0.010006 -0.006982
21 0.003991 0.010214 0.022297 -0.009611
22 0.010333 0.006367 0.024105 -0.006718
23 0.009656 0.005246 0.007884 -0.008645
24 0.006526 0.006172 0.010036 -0.005004
25 0.010784 0.005617 0.005202 -0.004512
26 0.002891 0.006192 0.005633 -0.006670
27 0.003793 0.007758 0.006796 -0.005830
28 -0.005666 0.007923 0.010092 -0.009301
29 0.008933 0.004393 0.012847 -0.010611
30 0.005218 0.006301 0.020155 -0.008984
31 0.004056 0.008811 0.003535 0.000767
32 0.019501 0.002285 0.028693 -0.013137
33 -0.000531 0.006962 0.002739 -0.007580
