0 0.136736 0.089374 0.036634 -0.102781
1 0.158983 0.108737 0.042743 -0.143231
2 0.154534 0.039502 0.043501 -0.144296
3 0.139925 0.070435 0.048282 -0.145174
4 0.130781 0.107111 0.052142 -0.135430
5 0.111567 0.133053 0.050590 -0.087335
6 0.112327 0.146767 0.051378 -0.068708
7 0.144624 0.092649 0.051910 -0.124833
8 0.191179 0.035518 0.030216 -0.148342
9 0.195639 0.035073 0.012883 -0.137201
10 0.113719 0.115740 0.030863 -0.124395
11 0.159610 0.095504 0.029081 -0.129207
12 0.149629 0.076147 0.035478 -0.133921
13 0.156512 0.092866 0.035084 -0.126104
14 0.196404 0.047476 0.006762 -0.152128
15 0.210432 0.039736 -0.003355 -0.151429
16 0.101802 0.122867 0.023357 -0.077123
17 0.159243 0.108186 0.034386 -0.122396
18 0.204883 0.063634 0.011677 -0.143185
19 0.153732 0.089887 0.010089 -0.123162
20 0.196079 0.053041 -0.008982 -0.147451
21 0.148847 0.099969 0.024497 -0.138822
22 0.194753 0.069935 0.007453 -0.138794
23 0.196654 0.029801 -0.042541 -0.162687
24 0.208182 0.053445 -0.030833 -0.119721
25 0.208235 0.050510 -0.038711 -0.125973
26 0.226326 0.046776 -0.026468 -0.146840
27 0.210639 0.042584 -0.031271 -0.133612
28 0.160223 0.064810 -0.016453 -0.114783
29 0.201560 0.026893 -0.028010 -0.163408
30 0.206629 0.053768 0.016371 -0.164617
31 0.197017 0.065548 -0.030297 -0.107847
32 0.207821 0.041409 0.022016 -0.143900
33 0.188281 0.050031 -0.018832 -0.139425
