0 0.091805 0.064700
1 0.078600 0.079387
2 0.088379 0.070159
3 0.101289 0.077783
4 0.145245 0.082748
5 0.162276 0.069454
6 0.174104 0.081210
7 0.107813 0.085120
8 0.071161 0.049120
9 0.064367 0.051831
10 0.152342 0.077276
11 0.127542 0.073080
12 0.121313 0.064012
13 0.099456 0.079917
14 0.056195 0.038963
15 0.052442 0.041907
16 0.154932 0.071104
17 0.119321 0.069101
18 0.081259 0.064942
19 0.100639 0.058667
20 0.044457 0.038318
21 0.117227 0.077459
22 0.057492 0.055256
23 0.068218 0.042027
24 0.109908 0.064688
25 0.117446 0.065588
26 0.066213 0.040891
27 0.072513 0.056777
28 0.114249 0.074783
29 0.063200 0.036156
30 0.046377 0.043653
31 0.127431 0.080232
32 0.059553 0.029205
33 0.053795 0.051603
