0 -0.002108 -0.001435
1 -0.003879 0.000732
2 -0.003591 -0.001456
3 -0.008963 0.001736
4 -0.003557 -0.001904
5 -0.000512 -0.006547
6 0.001569 0.001690
7 -0.004569 -0.000798
8 -0.003920 -0.003545
9 -0.005736 -0.001678
10 -0.004471 -0.004399
11 -0.001406 -0.000276
12 -0.005309 0.002021
13 -0.002912 0.003622
14 -0.009539 -0.004733
15 -0.010267 0.003196
16 -0.000605 -0.000207
17 -0.004784 -0.006529
18 -0.002819 -0.003256
19 -0.002427 -0.007632
20 -0.007624 -0.000619
21 0.000085 -0.002190
22 -0.003722 0.003518
23 -0.006454 -0.003306
24 -0.004047 -0.002174
25 -0.003506 -0.004857
26 -0.007638 -0.001519
27 -0.005102 -0.000626
28 0.000139 -0.006738
29 -0.004053 -0.003174
30 -0.003073 -0.007137
31 -0.004378 -0.001688
32 -0.008592 -0.003746
33 -0.006009 -0.002360
