0 -0.000927 0.020823 0.088270 -0.019580
1 0.021574 0.023628 0.103301 -0.035825
2 0.015646 0.015985 0.110812 -0.033965
3 0.015388 0.019364 0.126914 -0.034306
4 0.016410 0.027633 0.141247 -0.040720
5 0.014414 0.028794 0.128811 -0.030708
6 0.020444 0.029543 0.138865 -0.027273
7 0.022718 0.020285 0.130430 -0.040320
8 0.036187 0.012570 0.118317 -0.041199
9 0.031804 0.011491 0.088928 -0.030799
10 0.013088 0.028712 0.135772 -0.043551
11 0.017158 0.023847 0.118395 -0.036079
12 0.005555 0.020496 0.128555 -0.038055
13 0.030933 0.025083 0.118041 -0.036047
14 0.050580 0.011422 0.105675 -0.042171
15 0.056611 0.008014 0.098174 -0.039758
16 0.021485 0.026422 0.120862 -0.024976
17 0.035000 0.020897 0.121942 -0.038178
18 0.046376 0.016420 0.120029 -0.038891
19 0.026921 0.021902 0.099668 -0.035914
20 0.064795 0.013868 0.101203 -0.041091
21 0.035358 0.022927 0.130539 -0.044937
22 0.050958 0.014583 0.118547 -0.037449
23 0.055120 0.009540 0.073539 -0.035333
24 0.033174 0.019026 0.062632 -0.018669
25 0.040897 0.015978 0.052877 -0.019262
26 0.039492 0.013953 0.069488 -0.031293
27 0.036772 0.016304 0.065513 -0.026139
28 0.005307 0.021931 0.066529 -0.025692
29 0.057435 0.007510 0.085864 -0.040535
30 0.049548 0.013419 0.121250 -0.045947
31 0.015999 0.025713 0.044063 -0.005532
32 0.088226 0.001828 0.144969 -0.057365
33 0.025750 0.014952 0.040254 -0.025659
