0 -0.005908 0.008928 0.025661 -0.008505
1 -0.000257 0.011087 0.023658 -0.016104
2 -0.009964 0.005972 0.025958 -0.013568
3 -0.011200 0.007128 0.029769 -0.010967
4 -0.009299 0.011773 0.039331 -0.016097
5 -0.010180 0.012329 0.025520 -0.008954
6 -0.006296 0.012043 0.029187 -0.005465
7 -0.009500 0.007048 0.024925 -0.012715
8 -0.005352 0.004267 0.025729 -0.013783
9 -0.000678 0.002004 0.019056 -0.011632
10 -0.011982 0.011989 0.031101 -0.017801
11 -0.013415 0.010745 0.017458 -0.011133
12 -0.022220 0.007865 0.024187 -0.011250
13 -0.001786 0.011854 0.021760 -0.010709
14 0.004315 0.004754 0.018193 -0.014470
15 0.007266 0.002425 0.018636 -0.013369
16 -0.007269 0.010708 0.017080 -0.002570
17 0.000019 0.008521 0.018481 -0.010251
18 0.001347 0.007410 0.027618 -0.011797
19 -0.006837 0.009160 0.010993 -0.011485
20 0.010546 0.008077 0.009411 -0.010848
21 -0.001083 0.010369 0.026109 -0.014453
22 0.007627 0.005793 0.025389 -0.010385
23 0.007546 0.003915 0.001510 -0.011234
24 0.001295 0.006771 0.002127 -0.004929
25 0.005738 0.005506 -0.005327 -0.004402
26 -0.002002 0.005778 -0.001775 -0.008586
27 -0.001542 0.007398 -0.001588 -0.006668
28 -0.015241 0.008398 0.001308 -0.009791
29 0.007531 0.002623 0.008754 -0.013887
30 0.002292 0.005517 0.022278 -0.013790
31 -0.004954 0.010107 -0.008202 0.002586
32 0.024395 -0.000632 0.037056 -0.020090
33 -0.007769 0.006647 -0.009126 -0.008519
