0 -0.001744 -0.000715
1 -0.003407 0.001839
2 -0.003912 -0.000722
3 -0.010498 0.004063
4 -0.005133 0.000342
5 -0.001643 -0.004105
6 0.001127 0.005359
7 -0.004584 0.002685
8 -0.004174 0.000842
9 -0.006324 0.002490
10 -0.005422 -0.000645
11 -0.001683 0.003613
12 -0.005862 0.006663
13 -0.003171 0.008183
14 -0.010205 -0.000673
15 -0.011166 0.007498
16 -0.001413 0.003441
17 -0.005258 -0.003603
18 -0.002939 -0.000999
19 -0.002731 -0.005311
20 -0.007945 0.002563
21 -0.000210 0.000278
22 -0.003923 0.006959
23 -0.006672 -0.000187
24 -0.004587 0.001036
25 -0.004230 -0.002457
26 -0.008264 0.001834
27 -0.004969 0.002028
28 0.000156 -0.004911
29 -0.004623 -0.000100
30 -0.003154 -0.005047
31 -0.005829 0.001393
32 -0.010542 0.000013
33 -0.006599 0.000483
