0 0.008379 0.010561
1 0.001895 0.015005
2 0.005085 0.012677
3 0.003559 0.012703
4 0.012583 0.011621
5 0.013453 0.004887
6 0.018139 0.012026
7 0.003364 0.013902
8 0.002316 0.004624
9 0.000117 0.006002
10 0.010093 0.006910
11 0.007489 0.010171
12 0.006371 0.007506
13 0.003241 0.013249
14 -0.002554 0.002078
15 -0.001600 0.007694
16 0.012113 0.007501
17 0.004260 0.005499
18 0.004432 0.012131
19 0.004666 0.003600
20 -0.006561 0.005388
21 0.008546 0.011023
22 0.000678 0.011601
23 0.000938 0.004692
24 0.008133 0.008789
25 0.012391 0.008903
26 0.002820 0.004946
27 -0.000570 0.009393
28 0.009638 0.009972
29 0.002850 0.004618
30 -0.001011 0.005259
31 0.009953 0.010993
32 -0.000993 0.000531
33 -0.002891 0.007520
