0 -0.002166 0.004015 0.014868 -0.004634
1 0.000140 0.005339 0.014081 -0.008992
2 -0.006758 0.002337 0.016318 -0.007568
3 -0.007044 0.002892 0.018856 -0.005648
4 -0.005002 0.004966 0.024825 -0.008766
5 -0.004604 0.005937 0.016770 -0.005318
6 -0.002463 0.005285 0.018149 -0.002754
7 -0.006392 0.002718 0.015714 -0.006646
8 -0.005249 0.001366 0.019588 -0.007689
9 -0.000158 -0.001048 0.017494 -0.006703
10 -0.006822 0.005815 0.019112 -0.011133
11 -0.009379 0.006165 0.011740 -0.006574
12 -0.015543 0.003566 0.016929 -0.005962
13 -0.000141 0.006555 0.016076 -0.005780
14 0.001673 0.001831 0.015160 -0.008324
15 0.001484 0.000180 0.017350 -0.007038
16 -0.003817 0.005334 0.011595 -0.000301
17 0.001271 0.004483 0.013306 -0.004248
18 -0.001904 0.003903 0.019173 -0.006107
19 -0.005080 0.004032 0.009675 -0.007089
20 0.004152 0.004975 0.008150 -0.004965
21 -0.000444 0.005977 0.017509 -0.006511
22 0.004221 0.002561 0.019872 -0.004478
23 0.003151 0.001762 0.007976 -0.006864
24 0.001452 0.001447 0.010084 -0.004651
25 0.005228 0.001367 0.006945 -0.004028
26 -0.001914 0.002112 0.006008 -0.005130
27 -0.000907 0.003777 0.007665 -0.005110
28 -0.007999 0.003647 0.010984 -0.008382
29 0.002295 0.001032 0.011578 -0.008456
30 -0.000376 0.002451 0.016109 -0.006120
31 0.000722 0.003839 0.006060 0.000152
32 0.009379 -0.000273 0.021228 -0.009216
33 -0.003743 0.002847 0.005827 -0.006593
