0 0.009719 0.018935
1 -0.000500 0.026641
2 0.002130 0.024695
3 0.000418 0.025505
4 0.011638 0.025136
5 0.012682 0.017359
6 0.018733 0.025070
7 -0.000380 0.028079
8 -0.003055 0.016560
9 -0.005667 0.017992
10 0.009041 0.020349
11 0.004667 0.023294
12 0.003918 0.019836
13 -0.001358 0.027045
14 -0.008908 0.013605
15 -0.007821 0.019026
16 0.010389 0.019923
17 0.000741 0.018466
18 -0.000106 0.025594
19 0.000215 0.015825
20 -0.014056 0.016192
21 0.004719 0.024496
22 -0.005798 0.023643
23 -0.004680 0.016035
24 0.004820 0.021549
25 0.010017 0.021972
26 -0.002200 0.016213
27 -0.006578 0.021639
28 0.006214 0.023793
29 -0.003009 0.015482
30 -0.008185 0.017078
31 0.008270 0.024951
32 -0.007197 0.010904
33 -0.009961 0.019626
