0 -0.035260 0.039677 0.094809 -0.010443
1 -0.027783 0.043686 0.097020 -0.020735
2 -0.041749 0.033570 0.087669 -0.011882
3 -0.049840 0.039811 0.102575 -0.007723
4 -0.054612 0.051030 0.110387 -0.010735
5 -0.060548 0.053287 0.095893 0.004160
6 -0.056110 0.054638 0.104744 0.009012
7 -0.049112 0.040721 0.092506 -0.007782
8 -0.026741 0.025394 0.061046 -0.008406
9 -0.038898 0.024308 0.001967 0.009463
10 -0.059578 0.052590 0.089748 -0.008192
11 -0.052333 0.043300 0.066665 -0.001229
12 -0.064345 0.039691 0.080842 -0.005040
13 -0.037546 0.043436 0.064054 -0.001464
14 -0.005878 0.020804 0.034321 -0.009768
15 0.000602 0.015984 0.015983 -0.005815
16 -0.051621 0.049075 0.073441 0.011705
17 -0.035810 0.039948 0.072367 -0.005442
18 -0.015183 0.028404 0.051757 -0.003952
19 -0.043645 0.039066 0.031543 0.001474
20 0.013268 0.021947 0.032086 -0.009737
21 -0.030341 0.041170 0.080842 -0.011834
22 -0.010498 0.027105 0.049924 -0.002351
23 -0.001731 0.017503 -0.014766 -0.000108
24 -0.034014 0.033934 -0.029246 0.023210
25 -0.026415 0.029449 -0.039890 0.022019
26 -0.019819 0.024201 -0.022142 0.004355
27 -0.026592 0.027370 -0.032897 0.012731
28 -0.066474 0.039064 -0.027097 0.016554
29 0.005244 0.014544 0.001581 -0.006730
30 -0.004756 0.024773 0.066997 -0.016543
31 -0.056499 0.044534 -0.030857 0.036616
32 0.051231 0.009336 0.117377 -0.035947
33 -0.038209 0.025332 -0.047842 0.012969
