0 -0.004974 0.005702 0.027455 -0.005063
1 -0.001771 0.007444 0.028982 -0.010447
2 -0.010581 0.003322 0.032919 -0.008145
3 -0.011422 0.004154 0.036744 -0.005628
4 -0.009525 0.007605 0.044867 -0.010016
5 -0.009738 0.008270 0.034128 -0.004486
6 -0.006670 0.007823 0.036842 -0.001355
7 -0.010551 0.004065 0.033286 -0.007023
8 -0.008119 0.002135 0.036509 -0.008102
9 -0.002739 -0.000281 0.033332 -0.006875
10 -0.011901 0.008022 0.038338 -0.012049
11 -0.014059 0.007610 0.027818 -0.006162
12 -0.021531 0.004906 0.033782 -0.005966
13 -0.003411 0.008440 0.032536 -0.005594
14 0.000060 0.002692 0.030975 -0.008759
15 0.001556 0.000708 0.032530 -0.007636
16 -0.008047 0.007140 0.027678 0.001339
17 -0.002047 0.005698 0.029659 -0.004617
18 -0.003159 0.004938 0.037421 -0.006150
19 -0.008602 0.005890 0.024256 -0.006524
20 0.004206 0.006069 0.022398 -0.004982
21 -0.003572 0.007386 0.035468 -0.007816
22 0.003155 0.003481 0.037336 -0.004717
23 0.002453 0.002263 0.019886 -0.006528
24 -0.000971 0.003456 0.021689 -0.002488
25 0.003066 0.002781 0.016567 -0.001957
26 -0.004853 0.003324 0.017462 -0.004432
27 -0.003940 0.004948 0.018491 -0.003421
28 -0.013858 0.005213 0.021696 -0.006882
29 0.001859 0.001280 0.025001 -0.008624
30 -0.002164 0.003377 0.032995 -0.007188
31 -0.004084 0.006198 0.014382 0.003602
32 0.013649 -0.001024 0.042712 -0.011722
33 -0.008412 0.004089 0.013445 -0.005261
