0 -0.032220 0.031604 0.098551 -0.011261
1 -0.026300 0.037166 0.110233 -0.023022
2 -0.041359 0.029662 0.111242 -0.016347
3 -0.049115 0.035371 0.127950 -0.013717
4 -0.052935 0.045493 0.139352 -0.018031
5 -0.058426 0.047297 0.126932 -0.004694
6 -0.053954 0.048602 0.136395 -0.000478
7 -0.049662 0.037303 0.125533 -0.015740
8 -0.030819 0.025692 0.104104 -0.016208
9 -0.040645 0.024564 0.059248 -0.000564
10 -0.059387 0.047218 0.128283 -0.017137
11 -0.053667 0.040120 0.108848 -0.009646
12 -0.066074 0.036898 0.120898 -0.012878
13 -0.039473 0.040971 0.106389 -0.009756
14 -0.012050 0.022673 0.085820 -0.017065
15 -0.006353 0.018654 0.073133 -0.013407
16 -0.052438 0.044251 0.114576 0.002636
17 -0.037539 0.037123 0.114337 -0.013148
18 -0.020782 0.029032 0.101992 -0.012228
19 -0.046414 0.037276 0.083252 -0.007614
20 0.004985 0.024582 0.084393 -0.016799
21 -0.033947 0.038656 0.123059 -0.019648
22 -0.015889 0.027292 0.101290 -0.010403
23 -0.009331 0.020062 0.046633 -0.008067
24 -0.037683 0.033128 0.033577 0.013071
25 -0.030768 0.029457 0.024142 0.012002
26 -0.026943 0.025559 0.043399 -0.003777
27 -0.032070 0.028347 0.035964 0.003299
28 -0.068820 0.037170 0.039411 0.005937
29 -0.003565 0.017802 0.062538 -0.014550
30 -0.013214 0.025441 0.111511 -0.022606
31 -0.058640 0.041723 0.021049 0.026525
32 0.035926 0.012252 0.141106 -0.037426
33 -0.044139 0.026604 0.005997 0.004433
