0 -0.003958 0.010154 0.021503 -0.004561
1 0.002271 0.013327 0.017789 -0.009883
2 -0.006682 0.009045 0.019249 -0.006601
3 -0.007423 0.010368 0.021954 -0.003327
4 -0.005505 0.014779 0.030815 -0.008158
5 -0.006110 0.015307 0.017444 -0.001056
6 -0.002370 0.015006 0.020506 0.002394
7 -0.005795 0.010502 0.016529 -0.004387
8 -0.002192 0.008019 0.018037 -0.005447
9 0.002780 0.005584 0.012521 -0.003625
10 -0.008110 0.015070 0.022587 -0.009549
11 -0.009713 0.014047 0.009761 -0.003003
12 -0.018074 0.011337 0.016166 -0.003070
13 0.001703 0.015117 0.014202 -0.002569
14 0.006918 0.008460 0.011125 -0.006151
15 0.009511 0.006282 0.012092 -0.005084
16 -0.003501 0.013850 0.009519 0.005277
17 0.003445 0.011995 0.010803 -0.001948
18 0.004039 0.010989 0.019804 -0.003361
19 -0.003216 0.012459 0.004047 -0.003143
20 0.012645 0.011830 0.002449 -0.002357
21 0.002086 0.013735 0.017983 -0.005722
22 0.010173 0.009318 0.017903 -0.001905
23 0.010021 0.007678 -0.004005 -0.003067
24 0.004603 0.010046 -0.002538 0.002498
25 0.009100 0.008987 -0.009524 0.003127
26 0.001151 0.009326 -0.006787 -0.000593
27 0.001774 0.010866 -0.006445 0.001044
28 -0.010882 0.011623 -0.003376 -0.002158
29 0.009780 0.006593 0.002930 -0.005597
30 0.004843 0.009144 0.014811 -0.005086
31 -0.000542 0.013166 -0.011831 0.009525
32 0.024785 0.003613 0.027904 -0.010874
33 -0.004071 0.010133 -0.012468 -0.000898
