0 0.035741 0.024842
1 0.026002 0.031328
2 0.032928 0.025398
3 0.034512 0.026193
4 0.054778 0.025765
5 0.060160 0.015010
6 0.068461 0.023886
7 0.036012 0.028653
8 0.025260 0.010047
9 0.022211 0.012428
10 0.054641 0.018987
11 0.045416 0.020913
12 0.043421 0.015159
13 0.033072 0.026542
14 0.017886 0.005354
15 0.017789 0.010063
16 0.055157 0.016125
17 0.039149 0.016062
18 0.032457 0.022270
19 0.034814 0.011671
20 0.009878 0.007207
21 0.041433 0.023353
22 0.019469 0.017576
23 0.023416 0.007609
24 0.041695 0.017607
25 0.048839 0.018624
26 0.027257 0.007899
27 0.022940 0.015932
28 0.043542 0.022622
29 0.024764 0.005860
30 0.015005 0.009657
31 0.049790 0.024929
32 0.019779 -0.000582
33 0.015729 0.013664
