0 0.012820 0.014664
1 0.006245 0.020564
2 0.010480 0.018173
3 0.009455 0.018449
4 0.020094 0.017648
5 0.021538 0.010212
6 0.026824 0.017676
7 0.009489 0.020296
8 0.007367 0.009553
9 0.005089 0.010970
10 0.017921 0.012688
11 0.014373 0.015817
12 0.013257 0.012580
13 0.008970 0.019351
14 0.002232 0.006698
15 0.003137 0.012155
16 0.019582 0.012629
17 0.010609 0.011046
18 0.010178 0.018004
19 0.010627 0.008716
20 -0.002523 0.009624
21 0.014836 0.016904
22 0.005131 0.016586
23 0.006004 0.009184
24 0.014757 0.014163
25 0.019521 0.014484
26 0.008349 0.009389
27 0.004468 0.014458
28 0.016114 0.016037
29 0.007948 0.008841
30 0.003159 0.010116
31 0.017453 0.017135
32 0.003901 0.004358
33 0.001483 0.012532
