0 0.000612 0.003968 0.012510 -0.002548
1 0.003003 0.005422 0.012303 -0.005459
2 -0.002795 0.003262 0.014511 -0.004144
3 -0.002874 0.003962 0.016831 -0.002168
4 -0.000663 0.005136 0.022036 -0.004424
5 -0.000118 0.006350 0.015346 -0.001883
6 0.001459 0.005622 0.016404 0.000299
7 -0.002282 0.003731 0.014284 -0.002752
8 -0.001619 0.002583 0.018087 -0.003785
9 0.003050 0.000195 0.016193 -0.002759
10 -0.002347 0.006435 0.016690 -0.006960
11 -0.005155 0.007159 0.010927 -0.003138
12 -0.010758 0.004605 0.015808 -0.002233
13 0.003349 0.007232 0.014911 -0.002250
14 0.004741 0.002864 0.014198 -0.004528
15 0.003556 0.001388 0.016618 -0.003118
16 -0.000030 0.006178 0.010535 0.002532
17 0.004998 0.005562 0.012361 -0.000351
18 0.000962 0.004980 0.017137 -0.002551
19 -0.001466 0.004687 0.009232 -0.003709
20 0.006454 0.005823 0.008089 -0.001479
21 0.003310 0.006935 0.015745 -0.002087
22 0.006946 0.003603 0.018262 -0.000686
23 0.005664 0.003010 0.008583 -0.003301
24 0.004468 0.001892 0.010358 -0.001856
25 0.008038 0.002183 0.008183 -0.000990
26 0.001495 0.003033 0.006636 -0.001571
27 0.002490 0.004792 0.008549 -0.002134
28 -0.003526 0.004566 0.011862 -0.005088
29 0.004986 0.002409 0.011509 -0.004622
30 0.002818 0.003494 0.014648 -0.001953
31 0.004470 0.004328 0.007571 0.002499
32 0.010065 0.001466 0.018332 -0.004671
33 0.000378 0.003785 0.007734 -0.003323
