0 -0.005030 0.006157 0.016542 -0.005183
1 -0.002751 0.008329 0.014324 -0.010172
2 -0.011054 0.004892 0.016233 -0.008136
3 -0.011754 0.005717 0.018695 -0.005788
4 -0.009807 0.008732 0.025748 -0.009695
5 -0.009781 0.009447 0.015722 -0.004924
6 -0.007061 0.008929 0.017608 -0.001964
7 -0.011031 0.005671 0.014734 -0.006911
8 -0.009129 0.004019 0.018186 -0.007961
9 -0.003743 0.001516 0.015471 -0.006903
10 -0.011929 0.009274 0.019260 -0.011742
11 -0.014299 0.009140 0.009798 -0.006339
12 -0.021258 0.006533 0.015420 -0.005996
13 -0.004152 0.009829 0.014451 -0.005695
14 -0.001417 0.004501 0.013037 -0.008605
15 -0.000535 0.002680 0.014918 -0.007432
16 -0.008401 0.008497 0.009786 0.000672
17 -0.002853 0.007351 0.011360 -0.004522
18 -0.004785 0.006671 0.018643 -0.006120
19 -0.009312 0.007307 0.006820 -0.006746
20 0.002009 0.007860 0.005039 -0.004942
21 -0.004438 0.008950 0.016633 -0.007349
22 0.001510 0.005216 0.018508 -0.004643
23 0.000634 0.004179 0.003365 -0.006696
24 -0.001976 0.004812 0.005692 -0.003423
25 0.001918 0.004365 0.001189 -0.002882
26 -0.005803 0.004975 0.001250 -0.004785
27 -0.004831 0.006568 0.002509 -0.004131
28 -0.013508 0.006649 0.005848 -0.007574
29 -0.000162 0.003360 0.008095 -0.008581
30 -0.003627 0.005146 0.014766 -0.006773
31 -0.004113 0.007382 -0.000169 0.002107
32 0.009810 0.001418 0.022452 -0.010691
33 -0.008693 0.005738 -0.000807 -0.005865
