0 -0.002084 -0.001056
1 -0.004208 0.001093
2 -0.003601 -0.000844
3 -0.008219 0.001469
4 -0.002750 -0.001893
5 -0.000235 -0.006601
6 0.001581 0.001017
7 -0.004978 -0.001190
8 -0.004161 -0.004554
9 -0.005876 -0.002650
10 -0.004224 -0.005055
11 -0.001744 -0.001035
12 -0.005308 0.000620
13 -0.003236 0.002329
14 -0.009430 -0.005740
15 -0.009895 0.001942
16 -0.000382 -0.000993
17 -0.004826 -0.006770
18 -0.003117 -0.003002
19 -0.002740 -0.007585
20 -0.008063 -0.001212
21 -0.000111 -0.002180
22 -0.003980 0.002817
23 -0.006561 -0.003745
24 -0.003880 -0.002523
25 -0.003069 -0.004702
26 -0.007419 -0.002136
27 -0.005599 -0.000756
28 -0.000156 -0.006186
29 -0.004176 -0.003548
30 -0.003625 -0.006878
31 -0.003942 -0.002079
32 -0.008034 -0.004702
33 -0.006358 -0.002658
