0 0.002832 0.005482
1 -0.002812 0.008314
2 -0.000912 0.006143
3 -0.003066 0.006113
4 0.004020 0.004573
5 0.004488 -0.001150
6 0.008021 0.005598
7 -0.003178 0.006147
8 -0.002936 -0.000949
9 -0.004944 0.000466
10 0.001272 0.000234
11 0.000168 0.003631
12 -0.001352 0.002070
13 -0.002600 0.006084
14 -0.007539 -0.003051
15 -0.006729 0.003021
16 0.003930 0.001985
17 -0.002446 -0.000911
18 -0.001666 0.005030
19 -0.001619 -0.002191
20 -0.010138 0.000909
21 0.001871 0.004186
22 -0.003764 0.006021
23 -0.004482 -0.000212
24 0.000684 0.002691
25 0.003933 0.002366
26 -0.003409 0.000269
27 -0.005619 0.003774
28 0.002506 0.002662
29 -0.002610 0.000019
30 -0.005057 -0.000421
31 0.001385 0.003865
32 -0.005979 -0.003387
33 -0.007110 0.001828
