0 -0.057005 0.067469
1 -0.097231 0.083634
2 -0.085297 0.031950
3 -0.074148 0.059076
4 -0.026987 0.084146
5 -0.013458 0.043331
6 0.004587 0.061851
7 -0.080815 0.079920
8 -0.106664 0.043182
9 -0.128514 0.059508
10 -0.021102 0.071570
11 -0.079204 0.090737
12 -0.062534 0.079203
13 -0.096447 0.078046
14 -0.123501 0.059851
15 -0.129674 0.059171
16 -0.023067 0.059201
17 -0.086740 0.088873
18 -0.118354 0.097521
19 -0.109124 0.079383
20 -0.127960 0.075772
21 -0.079062 0.074659
22 -0.110453 0.100771
23 -0.120796 0.026468
24 -0.091748 0.057938
25 -0.088162 0.030664
26 -0.112287 0.041120
27 -0.120702 0.059204
28 -0.111227 0.073687
29 -0.128116 0.029949
30 -0.119010 0.057910
31 -0.084539 0.059206
32 -0.130540 0.047542
33 -0.130368 0.071104
