0 0.002804 0.002960 0.010322 -0.003188
1 0.007729 0.003814 0.007652 -0.006589
2 0.002121 0.000760 0.008900 -0.004921
3 0.002539 0.001207 0.010716 -0.002753
4 0.004837 0.002994 0.016271 -0.005621
5 0.005556 0.004034 0.008394 -0.002307
6 0.007695 0.003353 0.009449 0.000178
7 0.003852 0.000906 0.007266 -0.003471
8 0.004851 -0.000404 0.011074 -0.004517
9 0.009814 -0.002771 0.008937 -0.003523
10 0.003215 0.003894 0.010485 -0.007896
11 0.000646 0.004359 0.003510 -0.003516
12 -0.005291 0.001739 0.008536 -0.002833
13 0.009746 0.004669 0.007709 -0.002700
14 0.011409 0.000056 0.006740 -0.005170
15 0.011047 -0.001588 0.009063 -0.003872
16 0.006335 0.003493 0.003325 0.002588
17 0.011443 0.002679 0.004827 -0.001076
18 0.008122 0.002109 0.010544 -0.002978
19 0.005216 0.002148 0.001409 -0.003946
20 0.013845 0.003135 0.000046 -0.001852
21 0.009549 0.004169 0.008857 -0.003145
22 0.013977 0.000812 0.011121 -0.001299
23 0.012952 0.000056 -0.000152 -0.003726
24 0.011259 -0.000498 0.002130 -0.001763
25 0.015312 -0.000487 -0.000898 -0.001039
26 0.008269 0.000293 -0.001965 -0.002014
27 0.009206 0.002012 -0.000294 -0.002156
28 0.002187 0.001852 0.003036 -0.005318
29 0.012100 -0.000686 0.003487 -0.005262
30 0.009609 0.000677 0.007712 -0.002841
31 0.010846 0.001902 -0.001516 0.002907
32 0.018520 -0.001881 0.012354 -0.005849
33 0.006467 0.001001 -0.001385 -0.003602
