0 -0.031679 0.114946
1 -0.084743 0.150557
2 -0.102385 0.128010
3 -0.069987 0.151446
4 -0.003595 0.160292
5 0.020571 0.148579
6 0.044287 0.156282
7 -0.067322 0.156312
8 -0.134050 0.069807
9 -0.153163 0.075810
10 0.012617 0.147707
11 -0.061184 0.131405
12 -0.065619 0.126672
13 -0.098332 0.143284
14 -0.159051 0.046544
15 -0.167741 0.042307
16 0.016931 0.134014
17 -0.058141 0.139762
18 -0.133751 0.076778
19 -0.082017 0.114893
20 -0.146585 0.040524
21 -0.034367 0.134145
22 -0.120327 0.068069
23 -0.145479 0.049108
24 -0.082413 0.112390
25 -0.081667 0.117647
26 -0.140898 0.050935
27 -0.140036 0.089967
28 -0.090873 0.133571
29 -0.152488 0.039233
30 -0.158576 0.067222
31 -0.042023 0.140969
32 -0.151243 0.012574
33 -0.153592 0.056715
