0 0.087700 0.074645
1 0.038318 0.077454
2 0.022899 0.051838
3 0.038443 0.060170
4 0.108076 0.067683
5 0.132365 0.051893
6 0.153326 0.065663
7 0.036087 0.064054
8 -0.039824 0.003379
9 -0.058661 0.003575
10 0.114599 0.058658
11 0.062087 0.045231
12 0.053855 0.032284
13 0.013731 0.052222
14 -0.072998 -0.014652
15 -0.079558 -0.016134
16 0.121883 0.052037
17 0.056877 0.047301
18 -0.043744 0.017517
19 0.016215 0.028270
20 -0.085706 -0.017170
21 0.050726 0.054596
22 -0.062606 0.007926
23 -0.048780 -0.010293
24 0.022530 0.027818
25 0.029938 0.029655
26 -0.063834 -0.015413
27 -0.038666 0.011350
28 0.032151 0.045819
29 -0.064582 -0.019972
30 -0.080576 -0.007501
31 0.055501 0.054682
32 -0.064949 -0.028042
33 -0.071776 0.003093
