0 0.002363 0.004699
1 -0.000518 0.008341
2 0.001482 0.007016
3 -0.000978 0.007904
4 0.005229 0.006026
5 0.006332 0.001041
6 0.008593 0.007810
7 -0.000123 0.007182
8 0.000631 0.001797
9 -0.001047 0.003356
10 0.002792 0.002276
11 0.003134 0.005884
12 0.000760 0.005480
13 0.001201 0.008115
14 -0.003654 0.000034
15 -0.003276 0.006711
16 0.006171 0.005041
17 0.000710 0.000988
18 0.001782 0.006250
19 0.001923 0.000141
20 -0.004801 0.004476
21 0.005124 0.005908
22 0.000493 0.008864
23 -0.000987 0.002853
24 0.003015 0.004991
25 0.005236 0.004023
26 -0.000618 0.003765
27 -0.001296 0.006503
28 0.005351 0.003651
29 0.001058 0.003206
30 -0.000228 0.001674
31 0.003086 0.005520
32 -0.002010 0.000586
33 -0.002310 0.004353
