0 0.001930 0.010483
1 -0.004979 0.015893
2 -0.003380 0.014753
3 -0.005588 0.015440
4 0.001751 0.014523
5 0.002045 0.008726
6 0.005976 0.015666
7 -0.005962 0.016572
8 -0.005886 0.009115
9 -0.008018 0.010389
10 -0.001076 0.010590
11 -0.002559 0.013941
12 -0.003829 0.012162
13 -0.005576 0.016388
14 -0.010679 0.006858
15 -0.009764 0.012845
16 0.001398 0.012015
17 -0.005263 0.009150
18 -0.004594 0.015405
19 -0.004568 0.007674
20 -0.013608 0.010489
21 -0.001014 0.014334
22 -0.006963 0.015904
23 -0.007508 0.009618
24 -0.001989 0.012847
25 0.001519 0.012540
26 -0.006255 0.010032
27 -0.008857 0.013767
28 -0.000256 0.012996
29 -0.005675 0.009741
30 -0.008393 0.009512
31 -0.000989 0.014137
32 -0.009162 0.006304
33 -0.010501 0.011679
