0 0.003129 0.008543
1 -0.000697 0.013651
2 0.001513 0.012754
3 -0.000600 0.013704
4 0.006008 0.012425
5 0.006831 0.007200
6 0.009629 0.014005
7 -0.000176 0.013994
8 0.000367 0.007872
9 -0.001409 0.009248
10 0.003478 0.008737
11 0.003124 0.012209
12 0.001148 0.011254
13 0.000825 0.014381
14 -0.003944 0.005915
15 -0.003359 0.012321
16 0.006524 0.010969
17 0.000649 0.007361
18 0.001567 0.013106
19 0.001685 0.006246
20 -0.005826 0.009978
21 0.005029 0.012364
22 -0.000067 0.014752
23 -0.001162 0.008765
24 0.003407 0.011327
25 0.006097 0.010634
26 -0.000426 0.009434
27 -0.001856 0.012570
28 0.005414 0.010559
29 0.000827 0.009013
30 -0.001067 0.007999
31 0.003717 0.012033
32 -0.002316 0.006108
33 -0.003050 0.010395
