0 -0.003960 0.015689 0.064381 -0.015440
1 0.011070 0.018192 0.074447 -0.028848
2 0.002387 0.011494 0.080872 -0.026602
3 0.001409 0.013780 0.092275 -0.025406
4 0.002942 0.020679 0.106457 -0.031744
5 0.001054 0.021575 0.091888 -0.022422
6 0.006330 0.021897 0.099596 -0.018615
7 0.005891 0.014346 0.092207 -0.029557
8 0.014958 0.008920 0.084688 -0.030455
9 0.014911 0.007292 0.065120 -0.024052
10 -0.000390 0.021270 0.099108 -0.034128
11 0.001039 0.017959 0.082008 -0.026770
12 -0.009835 0.014713 0.090665 -0.027749
13 0.014030 0.019222 0.083379 -0.026456
14 0.027765 0.008499 0.074406 -0.031716
15 0.033115 0.005465 0.070608 -0.030259
16 0.006834 0.019295 0.082706 -0.016505
17 0.017623 0.015155 0.083995 -0.027683
18 0.024691 0.012481 0.089065 -0.029073
19 0.009845 0.016313 0.067525 -0.027104
20 0.039163 0.011347 0.067568 -0.029648
21 0.017635 0.017233 0.093351 -0.033940
22 0.030451 0.010619 0.086478 -0.027785
23 0.032181 0.007002 0.046381 -0.026375
24 0.016792 0.013786 0.039115 -0.013720
25 0.022877 0.011362 0.028918 -0.013645
26 0.018095 0.010418 0.040404 -0.022439
27 0.017044 0.012366 0.038356 -0.018683
28 -0.006944 0.015886 0.039566 -0.019864
29 0.033466 0.005093 0.055719 -0.030440
30 0.026869 0.009760 0.085251 -0.034105
31 0.003688 0.019033 0.021839 -0.002522
32 0.060777 0.000112 0.110587 -0.044271
33 0.008382 0.011431 0.023547 -0.020374
