0 -0.115439 0.107676
1 -0.145819 0.113282
2 -0.150289 0.077613
3 -0.139014 0.092454
4 -0.084257 0.130216
5 -0.077615 0.071000
6 -0.058237 0.090980
7 -0.144638 0.105584
8 -0.171875 0.081766
9 -0.200007 0.081253
10 -0.055159 0.102016
11 -0.134415 0.126454
12 -0.109282 0.109767
13 -0.149303 0.100111
14 -0.194547 0.090948
15 -0.198022 0.071601
16 -0.053404 0.074201
17 -0.143274 0.118118
18 -0.187431 0.128066
19 -0.173324 0.103053
20 -0.199365 0.110407
21 -0.141850 0.104949
22 -0.179041 0.147766
23 -0.187815 0.031409
24 -0.163889 0.073071
25 -0.161598 0.030764
26 -0.184391 0.045586
27 -0.182344 0.068843
28 -0.176243 0.097426
29 -0.199309 0.028057
30 -0.180431 0.047376
31 -0.160410 0.072268
32 -0.199622 0.014958
33 -0.199782 0.097485
