0 0.028705 0.015702
1 0.019222 0.018615
2 0.025372 0.011951
3 0.026060 0.011425
4 0.043774 0.010096
5 0.048047 -0.000151
6 0.055737 0.008244
7 0.027010 0.012678
8 0.018707 -0.004259
9 0.015810 -0.001995
10 0.042947 0.002892
11 0.035154 0.005341
12 0.033530 -0.000041
13 0.024563 0.010738
14 0.011731 -0.008472
15 0.011938 -0.003749
16 0.043489 0.000643
17 0.029312 0.000686
18 0.024605 0.007166
19 0.026330 -0.003021
20 0.004437 -0.006126
21 0.032250 0.007718
22 0.013630 0.003379
23 0.016796 -0.006262
24 0.032457 0.002316
25 0.039047 0.003363
26 0.020340 -0.005997
27 0.015798 0.001306
28 0.034117 0.006883
29 0.018331 -0.007501
30 0.009844 -0.004162
31 0.039378 0.008850
32 0.013475 -0.013770
33 0.009596 -0.000595
