0.006597 -0.301888 -0.194407 -0.337435 -0.327417
-0.007945 -0.28663 -0.20157 -0.332063 -0.320727
0.015302 -0.30715 -0.200243 -0.348179 -0.325322
0.013572 -0.294197 -0.209699 -0.341074 -0.321879
0.011478 -0.289155 -0.193912 -0.330749 -0.325379
0.014217 -0.294117 -0.177315 -0.328752 -0.337431
0.011964 -0.295443 -0.180126 -0.332928 -0.334721
0.007464 -0.300987 -0.205216 -0.339866 -0.324983
0.024294 -0.314919 -0.196786 -0.347606 -0.317741
0.022195 -0.315725 -0.18398 -0.347055 -0.307492
0.012284 -0.297233 -0.189 -0.326249 -0.321553
0.009509 -0.302945 -0.195015 -0.338773 -0.316429
0.011903 -0.306833 -0.195951 -0.338622 -0.338553
0.004213 -0.297898 -0.21192 -0.343518 -0.321884
0.018018 -0.306084 -0.22391 -0.354592 -0.327501
0.011294 -0.308275 -0.217716 -0.359663 -0.315454
0.009846 -0.303456 -0.179132 -0.323335 -0.334965
0.004081 -0.311181 -0.182213 -0.333286 -0.346107
0.004124 -0.31369 -0.210529 -0.359293 -0.331828
-0.006584 -0.316538 -0.195338 -0.345304 -0.3253
-0.000402 -0.321657 -0.208155 -0.372172 -0.315043
-0.002363 -0.312819 -0.190444 -0.339623 -0.340575
0.004947 -0.320429 -0.211921 -0.364208 -0.329839
0.022346 -0.314439 -0.208569 -0.351449 -0.321667
0.005179 -0.315477 -0.194652 -0.357679 -0.302225
0.005637 -0.315381 -0.203279 -0.355142 -0.31141
0.020775 -0.315576 -0.22159 -0.351318 -0.332709
0.003613 -0.305999 -0.190542 -0.339283 -0.321139
-0.003978 -0.31244 -0.180989 -0.356106 -0.310561
0.023297 -0.313981 -0.234536 -0.354548 -0.3258
0.0047 -0.314092 -0.205204 -0.349273 -0.31726
-0.009511 -0.310231 -0.20016 -0.350061 -0.317416
0.024315 -0.314093 -0.20573 -0.352436 -0.324338
0.009117 -0.309885 -0.204293 -0.351818 -0.312801
