-0.105872 0.08358 0.558899 0.316736 0.65091 -0.642115 -0.307094 -0.643019 0.604713 0.518872
-0.072288 0.079271 0.557815 0.312069 0.654489 -0.647784 -0.293799 -0.641672 0.601426 0.527681
-0.08449 0.080238 0.560676 0.313935 0.663159 -0.642567 -0.294571 -0.645295 0.607211 0.522914
-0.088576 0.088047 0.555731 0.314159 0.663628 -0.641929 -0.293039 -0.650098 0.608631 0.52199
-0.090828 0.083031 0.563208 0.310493 0.658366 -0.652087 -0.301383 -0.646363 0.607259 0.522486
-0.090286 0.084323 0.557642 0.310852 0.659988 -0.646879 -0.304707 -0.6472 0.609018 0.524625
-0.093162 0.087095 0.55933 0.313106 0.660376 -0.644605 -0.300087 -0.642381 0.609435 0.528218
-0.095296 0.082181 0.562346 0.311786 0.660935 -0.644509 -0.300939 -0.645304 0.608494 0.528505
-0.093247 0.085015 0.563988 0.313365 0.662176 -0.640881 -0.306224 -0.648828 0.604529 0.530122
-0.09576 0.086605 0.561334 0.312298 0.663472 -0.649423 -0.304338 -0.640549 0.602538 0.529188
-0.089474 0.090595 0.555909 0.315105 0.661728 -0.64583 -0.302549 -0.646253 0.606482 0.522109
-0.088582 0.084046 0.556974 0.307973 0.662167 -0.6514 -0.303622 -0.64706 0.607055 0.516789
-0.093805 0.089042 0.55793 0.304383 0.663313 -0.648579 -0.304197 -0.647985 0.607759 0.525229
-0.091971 0.087253 0.564092 0.31124 0.661807 -0.648867 -0.299369 -0.644648 0.605089 0.521876
-0.097135 0.086171 0.558082 0.311439 0.659613 -0.648068 -0.300376 -0.646847 0.605502 0.531963
-0.091576 0.084869 0.56094 0.313068 0.658002 -0.648396 -0.296625 -0.644437 0.606449 0.523492
-0.092454 0.083703 0.559952 0.312673 0.660247 -0.645603 -0.300862 -0.639015 0.607928 0.521085
-0.092831 0.085471 0.556179 0.314759 0.664833 -0.645252 -0.298767 -0.644735 0.607049 0.525578
-0.096789 0.086162 0.561863 0.30388 0.660629 -0.648042 -0.300649 -0.648387 0.606094 0.518344
-0.087699 0.075861 0.563585 0.309173 0.662185 -0.646405 -0.301379 -0.647768 0.604565 0.518507
-0.088876 0.08063 0.560298 0.31195 0.660855 -0.647164 -0.299662 -0.64695 0.60593 0.523156
-0.09151 0.082147 0.561996 0.310183 0.657699 -0.649014 -0.303453 -0.647882 0.603672 0.530107
-0.094696 0.082829 0.562731 0.311761 0.658948 -0.647094 -0.304322 -0.646947 0.603427 0.534436
-0.094401 0.093388 0.560967 0.311665 0.659497 -0.649923 -0.300998 -0.643797 0.60101 0.523202
-0.092348 0.074879 0.560222 0.310231 0.662097 -0.647507 -0.303586 -0.648773 0.606672 0.523813
-0.08804 0.091456 0.561298 0.311379 0.655104 -0.648202 -0.30049 -0.648825 0.606839 0.521997
-0.091485 0.087838 0.560864 0.311868 0.661824 -0.648814 -0.294289 -0.648835 0.605368 0.524276
-0.089537 0.087474 0.557766 0.313926 0.661342 -0.648035 -0.299224 -0.647878 0.604004 0.526083
-0.091937 0.083449 0.562379 0.314452 0.660817 -0.650924 -0.299036 -0.645615 0.605592 0.520524
-0.085946 0.07795 0.563284 0.311718 0.664476 -0.64707 -0.298258 -0.648302 0.605162 0.521223
-0.093444 0.074964 0.562622 0.315692 0.663085 -0.648286 -0.299489 -0.646366 0.607155 0.517715
-0.092427 0.089511 0.565174 0.313165 0.660645 -0.64667 -0.299946 -0.649897 0.605972 0.526352
-0.091934 0.08929 0.561388 0.311102 0.663169 -0.64476 -0.299411 -0.645669 0.605785 0.531005
-0.094607 0.090704 0.561982 0.311289 0.658976 -0.644661 -0.296654 -0.646999 0.604832 0.521712
-0.094683 0.090994 0.56135 0.315473 0.663525 -0.646853 -0.301263 -0.647555 0.605805 0.517863
-0.089931 0.078208 0.562036 0.315155 0.66183 -0.644915 -0.298115 -0.648104 0.605992 0.52282
-0.088624 0.086419 0.558979 0.311769 0.66184 -0.651193 -0.302028 -0.647286 0.603716 0.518331
-0.087072 0.087111 0.562726 0.313099 0.658134 -0.646398 -0.302923 -0.647746 0.603572 0.521018
-0.093611 0.085085 0.562307 0.313131 0.661374 -0.649804 -0.301054 -0.645768 0.605242 0.524325
-0.091496 0.091005 0.564236 0.312952 0.658951 -0.647906 -0.299785 -0.645208 0.604613 0.522223
-0.095204 0.087279 0.559612 0.314985 0.65669 -0.644591 -0.297296 -0.647649 0.609179 0.522644
-0.096923 0.083886 0.565213 0.314043 0.659972 -0.642594 -0.297444 -0.648173 0.60386 0.524701
-0.092652 0.091202 0.55987 0.308217 0.660817 -0.646576 -0.297351 -0.649518 0.603814 0.518018
-0.094076 0.086741 0.560855 0.310647 0.661269 -0.6487 -0.300445 -0.649403 0.60611 0.524499
-0.088874 0.077051 0.555121 0.314729 0.661165 -0.646942 -0.300997 -0.647718 0.602115 0.522004
-0.091708 0.084103 0.560692 0.311598 0.657046 -0.648584 -0.30092 -0.648352 0.603233 0.52439
-0.092525 0.087073 0.562147 0.311546 0.659203 -0.646837 -0.301816 -0.644493 0.605114 0.520393
-0.093415 0.082283 0.562768 0.311524 0.660694 -0.645582 -0.300217 -0.644374 0.605206 0.522062
-0.08815 0.086347 0.556249 0.315396 0.656767 -0.646955 -0.297554 -0.647778 0.608111 0.525154
-0.084034 0.08625 0.559846 0.312299 0.655068 -0.653408 -0.294646 -0.654125 0.602508 0.52749
-0.081882 0.082723 0.564562 0.310514 0.659931 -0.653562 -0.301298 -0.643745 0.605231 0.519841
-0.088589 0.081702 0.566417 0.313037 0.660784 -0.649993 -0.299972 -0.646807 0.6041 0.521841
-0.085988 0.086434 0.561149 0.309216 0.658774 -0.645909 -0.297938 -0.644618 0.602834 0.519206
-0.093715 0.084307 0.559775 0.309499 0.661343 -0.648593 -0.292652 -0.647375 0.607207 0.516665
-0.095618 0.082865 0.562706 0.311733 0.662262 -0.649085 -0.29816 -0.647695 0.604172 0.52925
-0.08961 0.095293 0.562897 0.312581 0.662892 -0.646471 -0.298289 -0.650456 0.607156 0.522503
-0.089819 0.084291 0.557877 0.31496 0.661943 -0.644337 -0.299655 -0.645812 0.606885 0.52412
-0.083552 0.093223 0.556279 0.314887 0.659776 -0.64599 -0.301144 -0.648832 0.603871 0.523373
-0.085593 0.098144 0.558217 0.315311 0.659846 -0.647478 -0.300477 -0.645966 0.607052 0.521861
-0.088395 0.090243 0.556945 0.316014 0.662296 -0.647272 -0.29863 -0.644655 0.606562 0.519426
-0.092222 0.084748 0.563561 0.312921 0.659351 -0.648395 -0.294287 -0.645417 0.606772 0.522853
-0.097709 0.085907 0.562127 0.311949 0.660327 -0.64747 -0.297322 -0.648548 0.60545 0.524431
-0.093821 0.084985 0.555999 0.314463 0.656507 -0.649111 -0.300122 -0.648687 0.604864 0.531145
-0.092486 0.084985 0.561583 0.317062 0.66279 -0.644084 -0.297277 -0.647631 0.604309 0.520167
-0.092741 0.085011 0.564964 0.314666 0.662314 -0.646995 -0.298478 -0.646407 0.607225 0.528032
-0.092828 0.091437 0.558754 0.314685 0.661733 -0.644543 -0.297774 -0.646046 0.604885 0.520626
-0.089969 0.08297 0.559527 0.313984 0.660911 -0.646766 -0.299885 -0.645677 0.605215 0.524265
-0.086191 0.082862 0.562918 0.314749 0.657426 -0.647832 -0.300991 -0.645466 0.608913 0.518681
-0.091439 0.080515 0.562967 0.314028 0.662345 -0.651143 -0.303194 -0.644328 0.608332 0.528802
-0.088311 0.082775 0.561784 0.308691 0.661176 -0.654007 -0.303527 -0.645615 0.609539 0.521069
-0.086431 0.08382 0.56078 0.313081 0.661121 -0.649518 -0.300395 -0.648115 0.605702 0.527102
-0.08989 0.094814 0.562484 0.310752 0.659133 -0.64945 -0.300329 -0.648904 0.60606 0.523601
-0.087098 0.080868 0.560804 0.313777 0.65829 -0.648403 -0.298968 -0.648034 0.606672 0.521395
-0.09417 0.083286 0.561157 0.309955 0.663257 -0.652658 -0.296171 -0.648048 0.609454 0.518992
-0.094509 0.087726 0.558441 0.313712 0.658078 -0.644278 -0.298213 -0.648971 0.606688 0.5236
-0.091987 0.086024 0.55614 0.314309 0.660914 -0.645816 -0.300072 -0.64688 0.608413 0.526671
-0.089145 0.085086 0.556542 0.31426 0.659347 -0.645707 -0.299123 -0.649229 0.607702 0.524287
-0.090572 0.079926 0.558347 0.311393 0.661963 -0.647361 -0.300883 -0.652744 0.60902 0.526305
-0.088046 0.081355 0.561699 0.312048 0.663212 -0.650396 -0.303485 -0.65333 0.608553 0.530328
-0.085293 0.07927 0.563247 0.312303 0.661663 -0.646875 -0.301718 -0.650811 0.606567 0.52307
-0.087925 0.078471 0.563067 0.31294 0.661486 -0.648981 -0.301835 -0.65062 0.606512 0.522081
-0.088515 0.082001 0.559404 0.315466 0.659461 -0.643339 -0.303822 -0.647671 0.608966 0.525122
-0.08833 0.081838 0.562036 0.314192 0.662012 -0.649246 -0.297057 -0.647447 0.609752 0.517282
-0.088077 0.085555 0.56335 0.310224 0.659443 -0.653478 -0.299235 -0.650808 0.613975 0.52152
-0.090383 0.081737 0.557252 0.309009 0.663404 -0.645335 -0.302491 -0.64836 0.608769 0.525011
-0.094592 0.086782 0.562063 0.312593 0.661523 -0.650284 -0.300237 -0.648292 0.608114 0.528766
-0.085848 0.093108 0.559689 0.313177 0.658456 -0.646935 -0.299539 -0.646603 0.605601 0.523334
-0.088333 0.084111 0.558796 0.312372 0.658933 -0.647989 -0.298286 -0.646658 0.606345 0.521183
-0.090684 0.088862 0.558391 0.310319 0.657217 -0.651898 -0.299243 -0.64989 0.607906 0.522609
-0.087165 0.085498 0.562055 0.311723 0.654895 -0.647269 -0.299854 -0.65084 0.60528 0.528009
-0.087509 0.084954 0.56368 0.312133 0.660465 -0.650966 -0.306057 -0.645613 0.605544 0.522394
-0.090244 0.08268 0.559818 0.310874 0.661065 -0.649298 -0.302163 -0.64557 0.607412 0.521919
-0.09152 0.078048 0.557567 0.315514 0.658066 -0.649915 -0.300721 -0.646077 0.607112 0.526777
-0.091628 0.084292 0.55648 0.311164 0.661795 -0.644045 -0.300987 -0.6442 0.606492 0.523326
-0.088526 0.072407 0.565674 0.311913 0.665519 -0.64915 -0.302005 -0.645293 0.606666 0.519295
-0.08962 0.087658 0.559929 0.316577 0.662339 -0.647658 -0.30131 -0.646479 0.6066 0.524574
-0.086186 0.088392 0.557282 0.311828 0.662581 -0.645809 -0.297303 -0.645253 0.605828 0.51003
-0.090544 0.090858 0.5533 0.31549 0.664908 -0.647125 -0.301347 -0.647059 0.604381 0.521846
-0.091585 0.084412 0.551505 0.314828 0.665457 -0.644578 -0.304931 -0.645978 0.607108 0.52778
-0.095337 0.088085 0.560323 0.311672 0.661925 -0.647037 -0.303166 -0.648115 0.607608 0.525418
-0.093086 0.086829 0.559387 0.312603 0.660981 -0.642489 -0.302788 -0.647544 0.606484 0.525161
-0.088124 0.076792 0.562498 0.312333 0.66193 -0.646512 -0.299077 -0.646707 0.605937 0.517724
-0.087635 0.085596 0.561432 0.314105 0.662087 -0.64524 -0.300781 -0.648587 0.603866 0.523723
-0.092582 0.091001 0.561315 0.314637 0.657521 -0.646254 -0.300841 -0.649024 0.605734 0.519338
-0.091094 0.08298 0.562556 0.315059 0.656678 -0.64716 -0.299331 -0.646771 0.605575 0.524395
-0.084566 0.089673 0.561303 0.313905 0.655957 -0.646562 -0.298139 -0.645827 0.604365 0.524138
-0.085615 0.081334 0.562859 0.312705 0.659179 -0.647588 -0.299666 -0.643245 0.604296 0.521258
-0.091529 0.082563 0.564143 0.311516 0.65882 -0.647077 -0.298816 -0.646318 0.605796 0.53089
-0.092607 0.08333 0.565889 0.314852 0.65953 -0.646993 -0.305236 -0.648688 0.607477 0.532425
-0.088767 0.088065 0.562078 0.314999 0.657744 -0.645696 -0.302568 -0.647842 0.605788 0.525271
-0.090815 0.083494 0.564922 0.314138 0.66261 -0.647821 -0.30052 -0.651029 0.602202 0.52369
-0.094631 0.084141 0.568164 0.312476 0.654814 -0.645546 -0.302624 -0.654421 0.604303 0.530621
-0.092874 0.084774 0.554859 0.314707 0.660664 -0.646502 -0.299884 -0.646826 0.606435 0.527721
-0.090964 0.081357 0.555524 0.31726 0.662023 -0.645271 -0.298688 -0.646456 0.606465 0.524889
-0.084853 0.084079 0.556024 0.313046 0.666041 -0.646209 -0.303937 -0.652042 0.602396 0.514151
