0.113494 0.120324 0.034908 -0.122122
0.128587 0.151902 0.039777 -0.153599
0.12874 0.0799 0.037535 -0.154654
0.11688 0.116319 0.042641 -0.163859
0.105573 0.154491 0.046731 -0.150451
0.092983 0.177134 0.045686 -0.093425
0.094902 0.189529 0.046331 -0.072725
0.124683 0.133679 0.047745 -0.138145
0.163181 0.073916 0.025792 -0.163901
0.168643 0.074565 0.00974 -0.155926
0.085307 0.157207 0.027579 -0.140772
0.132115 0.137833 0.024429 -0.146367
0.122558 0.122225 0.03132 -0.152138
0.125058 0.134759 0.030509 -0.142614
0.164665 0.091658 0.002654 -0.168838
0.177709 0.087027 -0.005784 -0.168974
0.076296 0.158226 0.020551 -0.08461
0.132953 0.150657 0.03037 -0.139691
0.174592 0.105451 0.006934 -0.162166
0.121899 0.131132 0.006827 -0.141349
0.16588 0.096751 -0.011282 -0.167397
0.122519 0.142292 0.021776 -0.162295
0.164101 0.113589 0.004333 -0.158215
0.167647 0.066544 -0.044287 -0.184123
0.176731 0.091885 -0.033733 -0.140103
0.175285 0.089571 -0.041997 -0.147444
0.194209 0.089168 -0.030553 -0.168977
0.175631 0.082473 -0.035303 -0.154393
0.127285 0.105706 -0.021257 -0.133519
0.173102 0.069919 -0.030669 -0.184486
0.178493 0.097133 0.01334 -0.184758
0.163675 0.101641 -0.03463 -0.123855
0.193582 0.084436 0.018526 -0.166955
0.151729 0.08649 -0.023495 -0.157278
