7 2 7 3 12 0 17 0 12 3 0 8 2 27 24 27 24 31 32 30
0 11 0 8 2 0 10 0 5 0 17 1 7 3 7 2 32 30 8 30
27 23 27 2 3 1 30 1 7 0 13 0 1 3 7 0 1 2 1 13
20 32 23 25 24 27 33 18 32 2 3 2 1 21 0 19 33 27 24 31
10 5 0 5 16 6 4 6 0 7 1 21 1 19 33 30 8 32 30 1
5 10 0 19 33 15 33 29 26 29 23 33 23 27 33 8 32 8 2 9
21 0 1 7 2 32 2 32 33 30 32 14 33 15 33 13 33 22 33 15
13 3 0 3 2 1 21 1 2 13 2 3 13 0 3 1 0 11 0 7
1 17 1 3 2 0 21 0 17 0 7 0 17 0 31 28 31 28 31 28
17 0 8 30 1 13 1 13 3 0 2 3 0 21 0 21 1 30 1 30
31 0 7 3 7 3 1 0 1 13 2 27 24 27 2 3 13 0 31 28
22 32 14 33 30 1 3 12 3 12 0 31 0 21 1 13 1 19 33 14
23 27 33 19 33 9 2 0 7 3 0 19 0 4 0 1 19 0 12 0
33 14 32 14 32 8 2 7 0 11 0 8 2 27 24 25 24 27 24 25
14 33 15 32 15 32 22 32 22 32 18 32 18 32 31 32 22 33 27 33
30 8 30 8 32 14 33 30 8 0 7 3 0 4 10 5 16 6 4 6
3 0 2 13 33 30 32 31 32 8 30 1 7 1 13 1 7 3 12 3
19 1 3 13 3 1 13 3 1 30 1 3 0 7 3 0 3 0 17 0
32 2 8 2 32 8 30 32 31 28 2 3 1 19 1 7 3 12 3 13
4 0 6 5 10 4 0 19 1 21 1 0 1 0 19 33 20 33 13 2
29 32 29 32 29 26 33 28 31 24 31 28 31 28 31 0 4 0 7 0
6 16 5 6 5 10 0 11 0 21 1 13 0 4 6 5 0 19 0 10
18 33 23 27 24 25 24 25 23 29 23 32 14 32 15 33 19 0 17 0
11 0 1 17 1 7 1 21 1 2 32 15 33 9 33 20 33 20 32 20
28 2 3 7 0 1 17 0 19 0 5 6 16 6 16 5 16 5 6 4
9 2 0 6 4 6 0 21 0 17 0 13 1 30 33 31 0 11 0 10
25 23 25 24 27 2 32 18 32 29 32 30 8 33 27 23 25 23 29 32
12 3 1 3 7 0 31 33 22 32 22 32 8 2 28 33 29 32 33 22
15 33 19 1 0 5 16 5 16 5 10 0 13 3 13 1 19 1 21 0
16 5 0 17 1 17 0 31 25 24 31 28 2 9 2 8 0 5 10 0
8 0 31 0 5 10 0 17 0 5 0 2 13 2 1 3 1 17 1 30
2 3 7 0 6 0 12 0 21 1 17 0 2 28 2 32 23 32 31 25
26 29 23 33 29 32 2 3 0 21 1 21 0 10 4 0 13 3 13 2
24 31 33 13 33 22 32 8 0 2 28 31 0 6 4 0 8 33 8 32
0 4 0 17 1 17 0 7 0 13 3 1 7 1 19 0 10 4 10 4
2 8 30 33 14 32 22 33 28 2 32 14 33 23 25 24 27 2 8 33
20 33 23 25 24 25 23 29 33 30 1 30 8 2 0 31 32 33 14 33
8 30 32 20 32 33 23 32 23 32 8 2 32 33 32 31 32 29 26 29
4 6 16 6 5 6 0 6 4 10 5 16 5 6 0 3 7 3 12 3
1 19 0 13 33 15 32 30 1 7 2 1 0 5 6 16 6 0 13 2
28 33 20 33 8 33 13 33 27 23 27 33 27 23 25 31 24 27 24 27
19 33 14 33 15 32 20 32 22 33 20 33 26 29 32 15 33 9 33 26
18 32 20 32 29 23 33 19 1 0 19 0 8 32 2 13 0 10 4 6
24 31 32 8 30 8 2 32 20 32 33 14 33 30 8 32 29 26 33 29
21 0 21 0 31 28 33 15 32 29 23 27 24 25 24 25 23 25 24 31
15 32 14 33 31 32 30 8 33 19 0 21 0 4 10 5 10 4 0 13
3 7 2 27 23 27 33 19 33 28 31 28 33 15 33 13 3 1 17 0
16 5 0 13 2 27 23 33 20 33 9 33 32 20 32 30 8 0 19 33
6 16 6 4 10 4 0 31 33 26 29 33 13 0 5 6 4 10 0 21
11 0 13 33 19 1 13 0 12 3 12 0 10 5 16 6 16 5 16 6
7 0 10 5 10 5 6 0 19 0 12 3 13 2 0 31 24 25 23 25
23 29 23 32 22 32 29 26 33 18 33 18 33 18 32 30 8 30 1 7
10 0 17 1 2 1 7 3 7 3 0 6 4 0 3 1 3 12 0 13
32 18 33 31 24 27 33 23 29 33 28 33 20 32 14 33 22 33 32 33
9 33 13 33 22 32 15 32 31 25 31 32 14 33 20 33 27 33 8 0
26 33 19 1 3 7 3 1 0 2 3 7 1 17 1 13 3 2 1 3
33 32 33 30 8 32 31 0 4 10 4 0 19 0 3 12 0 19 1 17
12 0 17 0 19 0 17 1 30 33 15 32 30 1 13 1 0 2 1 13
25 23 33 14 32 20 33 13 1 17 1 2 27 33 29 26 33 32 8 0
22 32 29 32 31 28 31 32 20 32 20 32 8 30 8 33 9 2 3 7
13 3 13 3 2 3 13 1 13 33 8 33 18 33 29 26 33 28 2 7
5 10 0 5 6 5 0 21 0 8 0 7 2 9 33 9 2 3 7 2
31 28 33 28 2 9 33 30 33 31 33 13 0 1 30 1 7 0 11 0
17 0 6 4 0 11 0 5 16 5 0 31 33 22 32 14 32 14 32 15
29 33 30 32 15 33 23 33 18 32 14 33 22 32 14 33 26 29 33 28
30 8 30 33 19 0 17 1 3 1 19 33 19 0 4 10 5 16 6 16
14 32 15 32 23 27 23 32 18 33 23 25 24 31 24 27 23 32 29 32
27 23 29 23 27 24 27 33 15 33 15 33 15 33 19 0 19 0 31 33
4 10 0 5 6 5 16 6 0 5 16 6 16 5 6 0 5 6 0 19
15 32 33 28 31 33 20 33 23 27 33 30 32 22 32 2 13 1 21 1
25 24 25 23 25 24 31 24 25 23 32 31 28 31 0 21 0 17 0 4
13 2 8 0 12 0 12 3 1 21 0 17 0 7 0 11 0 11 0 4
31 28 31 33 8 0 4 10 0 17 1 0 8 33 30 32 14 32 20 33
30 32 2 27 23 32 30 8 32 23 27 2 3 13 33 22 33 31 25 23
29 32 22 33 9 33 28 33 20 33 29 33 29 33 23 29 26 33 30 8
17 0 12 3 0 2 3 12 3 1 21 0 6 0 31 25 24 25 24 27
22 33 30 8 0 2 1 13 0 2 32 23 33 15 32 30 1 2 13 3
32 23 27 23 32 8 0 8 32 29 33 20 32 22 33 27 2 3 13 1
24 27 23 29 23 29 32 31 28 31 33 20 33 22 33 9 2 13 1 0
16 6 5 0 10 5 10 5 6 0 2 0 6 16 5 0 7 3 2 9
5 0 6 4 10 5 16 5 6 16 6 16 6 4 10 5 6 4 6 16
21 1 2 9 33 32 31 32 18 33 8 0 10 0 17 1 30 33 8 2
8 0 6 16 6 16 5 10 5 6 5 10 5 0 5 6 5 0 3 0
1 21 1 17 1 0 4 0 11 0 1 21 0 10 4 6 4 10 4 0
3 2 27 23 27 23 25 31 25 31 25 31 0 12 3 0 11 0 6 4
23 33 14 32 23 27 2 1 2 32 15 33 28 33 22 32 22 32 33 32
9 33 30 1 19 1 0 6 4 6 5 0 7 2 9 33 22 32 30 32
27 2 3 7 3 2 9 33 15 32 23 25 23 25 24 25 23 29 32 15
18 32 15 33 29 26 29 32 18 33 29 32 18 33 26 33 8 32 22 32
6 4 0 7 2 28 2 1 7 1 0 3 13 33 19 1 19 1 30 8
20 33 14 32 15 32 33 26 33 13 0 19 1 2 27 24 31 25 23 32
10 5 6 5 16 5 10 0 1 21 0 11 0 21 1 19 1 3 12 0
26 33 27 23 25 23 27 33 27 33 9 33 20 33 28 31 32 14 33 14
33 28 31 32 22 32 22 32 15 32 23 33 18 32 30 33 19 1 0 6
0 7 0 1 17 0 1 17 1 17 1 17 0 17 0 21 0 21 0 3
2 13 1 2 0 11 0 12 0 13 0 2 7 1 7 0 12 3 1 19
7 3 0 31 28 31 24 27 24 31 24 27 2 3 2 1 30 8 30 32
19 33 30 32 2 32 20 33 23 29 32 20 32 22 33 27 2 0 4 10
11 0 4 6 5 0 11 0 8 2 8 0 5 10 0 21 1 13 2 1
14 32 8 2 1 13 0 17 1 7 1 2 28 31 32 14 32 14 32 8
28 33 14 32 23 32 30 1 19 33 26 29 33 9 33 22 33 8 30 32
12 3 13 0 11 0 4 6 4 10 0 13 33 20 33 23 32 22 33 8
2 27 24 25 24 31 32 23 27 24 27 24 27 24 25 24 25 24 25 31
33 14 32 2 27 2 7 2 8 32 23 25 31 32 8 0 21 1 7 3
10 4 10 5 10 4 6 4 6 5 10 5 10 4 0 11 0 6 4 10
29 33 9 2 8 2 13 2 0 19 33 13 33 26 29 23 32 29 26 29
14 32 29 26 29 33 30 1 13 2 7 0 4 10 5 0 6 4 0 19
31 25 31 24 25 24 31 25 24 31 24 31 24 31 0 4 6 5 16 5
4 6 4 0 13 2 13 1 21 1 7 2 27 2 13 1 7 3 7 3
20 32 14 33 30 33 15 33 26 33 20 32 14 33 23 27 23 33 22 32
21 1 21 1 3 12 3 1 21 0 21 0 31 28 33 32 22 33 19 0
27 23 27 24 27 24 27 24 31 33 14 32 33 31 33 20 33 13 2 28
5 6 4 6 5 16 5 6 16 5 10 4 10 0 4 0 6 16 5 10
8 2 1 17 1 30 8 33 14 32 8 0 4 6 0 31 25 23 33 31
18 32 15 32 33 30 33 31 28 33 28 31 24 31 24 27 24 27 23 29
25 23 25 31 32 29 23 33 26 33 22 32 2 1 0 4 10 5 10 0
28 2 7 2 0 31 24 31 28 2 1 21 0 17 1 3 2 27 33 20
7 2 28 33 32 18 33 19 1 2 28 2 27 23 29 23 32 8 0 10
3 7 0 2 9 33 31 32 8 33 20 33 32 23 25 31 24 31 25 31
19 1 3 13 33 13 2 27 23 32 23 27 2 28 2 28 31 33 26 33
12 0 1 13 1 30 8 2 28 2 32 31 25 31 25 24 25 31 33 15
23 32 18 33 8 0 19 0 19 0 21 0 6 0 10 0 21 1 7 0
11 0 19 33 19 33 9 33 9 33 30 1 30 1 2 7 2 28 2 9
9 2 13 1 7 0 8 2 27 2 13 0 11 0 7 3 13 2 27 2
32 20 32 33 8 33 19 1 19 0 1 2 9 2 32 30 33 29 32 29
22 33 8 32 18 33 13 1 19 1 21 0 7 2 3 12 3 7 0 19
1 19 0 19 33 28 2 0 2 8 32 14 32 15 32 23 27 2 32 2
0 17 1 21 0 3 2 7 1 13 1 2 13 33 15 33 18 33 8 33
17 1 0 2 9 2 27 2 8 33 14 32 18 32 18 33 8 30 1 30
6 4 10 5 16 6 4 10 4 0 12 0 19 33 26 33 27 33 23 27
15 32 15 32 22 32 29 32 20 33 23 32 23 32 29 32 2 3 2 1
26 33 9 33 20 33 13 33 27 24 25 23 32 31 32 14 33 26 29 33
16 5 0 4 6 5 0 2 3 7 3 12 3 7 3 12 0 2 27 23
30 1 17 0 1 7 2 3 12 0 4 6 0 13 1 19 1 13 2 13
13 3 0 21 0 17 1 19 33 29 23 29 32 15 33 23 27 33 15 32
24 27 23 33 26 29 33 23 32 14 32 22 33 26 33 9 33 30 1 30
32 15 33 9 33 15 32 30 32 30 8 2 7 1 13 1 17 1 7 1
14 32 18 32 33 8 0 11 0 13 33 26 33 15 33 22 32 8 30 8
1 17 1 2 28 33 19 1 19 33 13 2 8 32 31 33 23 32 20 32
10 4 10 0 6 16 6 4 0 6 0 13 3 0 31 32 8 33 30 1
7 3 13 33 14 33 18 32 23 29 23 29 33 29 32 23 32 15 32 14
3 13 0 7 0 6 5 6 0 7 0 3 0 6 16 5 10 5 10 0
13 3 13 1 19 0 1 0 5 10 0 21 1 2 27 2 1 21 1 13
4 0 12 3 7 1 7 0 8 33 28 2 27 23 33 32 33 26 29 32
21 1 7 0 7 0 5 16 6 0 7 1 21 1 17 0 5 6 5 6
20 32 15 32 30 33 26 29 33 28 31 24 25 31 28 31 0 13 0 1
27 2 0 11 0 8 33 26 33 31 28 33 27 24 25 23 33 23 25 24
23 25 31 32 15 33 28 2 7 0 11 0 11 0 17 0 6 4 6 16
31 33 29 33 14 33 14 32 8 2 13 2 1 21 0 31 28 33 9 2
2 32 2 13 3 12 0 8 32 23 29 26 33 19 1 21 1 3 0 8
26 29 32 15 32 18 33 9 2 28 33 23 27 33 31 25 23 29 26 29
22 33 23 27 33 18 33 19 1 3 7 1 0 2 32 22 32 30 8 0
18 32 22 33 19 0 21 1 21 0 4 6 0 11 0 12 3 2 9 2
33 22 32 15 33 20 32 29 33 18 33 30 32 8 32 30 32 8 2 3
19 0 31 24 31 25 24 27 24 31 0 31 33 27 2 1 3 2 7 0
25 24 27 23 29 32 8 30 8 30 32 30 8 30 8 2 13 1 19 33
17 1 7 0 19 0 8 32 2 27 33 20 33 26 29 23 32 15 33 32
0 6 0 4 0 4 10 0 12 3 12 3 2 0 2 3 2 27 23 27
9 33 32 29 26 29 26 33 13 2 8 0 17 1 13 2 8 0 5 0
8 2 28 33 23 32 23 33 19 0 13 2 0 19 0 3 2 3 12 0
29 33 23 25 31 32 15 33 23 33 18 33 14 32 2 8 30 33 20 33
28 31 24 27 33 27 23 25 23 32 33 29 33 23 33 28 33 13 2 9
16 6 4 6 16 6 16 5 10 5 16 5 16 6 16 6 0 11 0 13
11 0 12 0 19 1 17 1 17 1 13 1 19 0 10 0 5 0 13 0
15 33 22 33 26 33 23 29 26 29 32 29 32 14 33 20 33 26 29 33
5 16 5 6 4 6 0 13 33 26 29 26 33 14 33 9 33 15 33 27
30 33 23 32 18 32 15 33 30 1 3 13 33 18 33 31 0 21 0 2
6 0 10 5 6 0 17 1 30 32 33 31 0 12 3 0 4 6 4 6
24 27 24 27 23 29 26 33 26 29 32 2 27 2 7 2 0 1 2 0
12 3 1 19 0 6 4 0 19 1 19 33 13 1 3 2 13 2 13 33
21 0 5 0 13 1 2 28 33 18 33 14 32 15 33 28 2 28 2 1
15 32 14 32 15 32 23 29 32 22 32 22 32 18 32 2 9 2 27 2
6 4 6 4 10 5 6 0 2 7 3 0 4 0 12 0 5 10 5 6
13 0 19 0 8 32 29 33 31 0 1 13 1 19 0 3 7 0 12 3
4 10 5 0 12 0 2 0 13 1 3 12 3 7 2 1 3 7 0 13
25 23 29 23 29 23 32 22 33 19 1 21 0 10 4 0 31 25 23 25
30 32 22 33 22 33 27 24 31 33 20 32 29 32 22 33 26 33 20 32
12 0 21 0 31 0 6 5 10 0 31 24 25 23 29 32 2 32 30 33
10 4 0 7 0 11 0 4 0 7 2 28 33 19 1 2 32 33 20 33
31 0 11 0 21 1 7 1 30 33 31 33 22 32 31 0 2 28 31 32
33 31 24 25 24 31 24 25 23 29 23 33 28 31 24 25 23 27 33 19
7 3 13 3 2 32 33 18 33 28 31 25 24 25 24 25 24 31 33 26
23 33 30 33 23 33 26 29 26 33 19 33 27 23 33 20 33 18 33 14
17 1 0 10 5 16 6 16 6 0 7 2 28 33 20 32 2 13 1 17
2 32 18 33 31 33 18 33 18 33 26 33 13 2 0 21 0 1 13 0
29 26 33 13 33 8 0 12 3 2 32 15 33 29 33 14 33 14 33 32
1 19 33 29 33 9 2 27 33 26 29 26 33 22 32 30 1 19 0 13
28 2 13 33 27 24 31 33 29 23 27 23 29 26 33 14 33 26 29 33
20 33 9 33 28 31 28 31 28 31 32 22 33 15 33 19 1 2 28 33
11 0 19 1 17 1 2 1 0 11 0 7 1 30 8 0 3 2 9 2
16 5 6 16 6 4 10 5 16 5 6 5 16 5 16 6 0 2 1 30
9 2 28 33 13 0 12 3 2 3 12 3 7 3 2 27 2 7 0 3
8 32 15 33 14 32 14 32 23 32 31 24 31 0 1 30 33 8 33 8
27 33 18 32 23 32 31 28 33 29 33 32 22 32 31 32 33 30 32 23
14 32 20 32 18 33 8 33 31 28 33 9 2 7 1 13 1 7 3 1
18 32 22 32 14 33 20 32 33 22 32 22 33 22 33 26 29 23 25 24
22 33 27 23 32 8 2 7 3 2 0 8 30 8 32 22 33 13 1 17
19 0 21 0 8 0 2 0 12 3 7 1 13 1 21 0 13 0 21 1
24 31 24 25 31 32 15 32 2 27 33 26 33 30 8 30 33 18 33 22
0 8 0 17 0 13 3 12 0 10 0 4 6 0 10 4 6 16 5 16
32 2 13 33 9 33 8 2 1 0 6 5 0 31 24 31 24 27 24 31
3 1 21 1 17 1 19 1 13 0 2 8 32 31 28 33 26 29 32 30
5 0 19 1 2 8 0 12 3 0 2 1 2 13 1 0 7 1 30 32
26 33 27 24 31 28 31 33 8 30 1 19 0 17 1 3 0 4 10 4
4 6 4 0 8 0 2 3 7 1 3 13 0 19 1 17 0 8 32 14
1 2 7 3 0 2 8 0 4 10 0 17 0 3 7 1 0 7 1 17
0 13 33 28 31 25 23 27 23 32 31 32 2 9 2 3 1 19 1 7
23 25 31 33 20 33 18 33 32 30 33 27 24 25 23 25 24 25 24 27
3 2 28 2 1 30 1 17 0 5 6 5 16 6 0 13 3 0 5 10
20 33 26 29 23 33 20 33 22 32 31 28 33 32 30 33 31 28 31 28
10 4 6 16 5 0 7 2 27 2 8 33 8 32 33 20 32 22 32 18
32 30 33 30 32 14 32 20 32 23 27 24 25 31 28 2 7 0 4 10
22 33 13 0 12 0 12 0 5 6 4 6 4 6 5 0 1 19 1 21
33 26 33 22 32 31 25 24 31 25 24 31 25 31 24 25 24 27 23 32
12 3 2 8 33 28 2 27 33 8 0 5 16 6 0 1 3 2 13 0
13 1 0 3 2 28 31 32 31 32 15 32 29 23 33 31 25 31 28 2
5 10 4 6 0 6 4 6 4 6 16 5 6 4 0 13 3 0 6 0
9 2 28 33 32 23 32 18 32 14 33 15 32 22 33 32 33 28 31 0
2 8 2 3 1 0 1 2 13 0 2 32 8 32 30 1 17 1 21 1
24 25 23 27 24 25 23 27 23 32 2 3 1 30 33 31 0 2 8 30
29 33 22 33 13 0 31 25 24 31 25 24 25 31 24 31 33 23 29 33
6 5 0 19 1 3 2 9 2 1 17 1 2 32 23 32 29 33 29 33
28 31 25 24 25 31 33 31 33 31 0 1 13 33 20 32 31 32 22 33
30 32 30 33 26 29 26 33 8 2 0 8 33 31 32 2 9 2 27 33
15 33 9 33 8 33 8 0 3 2 28 31 32 33 30 32 8 32 2 32
14 32 30 1 21 0 19 0 31 0 4 0 31 24 25 23 32 29 26 29
26 29 32 20 32 30 33 15 33 15 33 27 2 8 30 33 26 33 15 32
31 28 33 31 25 23 33 19 1 3 0 5 16 6 0 19 1 19 1 0
18 33 26 33 15 32 2 8 32 8 0 1 30 8 2 1 7 0 5 16
8 30 33 8 2 13 0 4 6 4 0 2 9 2 32 31 33 13 0 19
21 1 17 1 2 27 2 1 21 1 19 0 1 3 13 1 7 3 1 2
11 0 19 1 30 1 2 0 17 0 11 0 17 0 7 3 1 7 2 7
25 24 27 33 32 20 32 31 24 31 24 31 25 31 24 27 23 32 31 33
27 33 9 2 32 33 20 32 15 32 29 33 27 2 27 2 27 2 28 2
19 1 3 12 3 12 3 7 1 0 17 0 12 3 2 27 2 28 33 15
16 6 16 6 5 0 12 0 5 10 5 16 6 4 10 0 5 0 1 30
7 3 2 9 33 20 33 15 33 30 8 33 32 14 33 23 27 24 31 32
17 1 19 1 17 0 11 0 8 0 17 1 21 0 7 2 7 2 27 33
18 33 19 33 26 29 33 26 29 26 33 27 2 28 33 22 32 15 33 14
12 3 2 1 2 3 0 8 32 30 33 15 32 33 30 32 18 32 8 2
5 0 13 33 30 32 2 32 14 32 22 32 23 32 2 9 2 8 33 22
27 2 8 30 33 31 24 25 23 27 23 33 19 1 3 0 4 6 5 0
28 31 28 31 24 31 24 25 31 25 23 25 23 33 22 33 27 23 27 24
7 2 32 15 33 22 32 14 33 30 1 30 32 15 33 29 32 2 9 33
33 27 33 27 33 28 2 0 21 1 13 1 2 28 2 3 13 1 0 11
2 3 0 13 0 12 3 7 3 12 0 10 4 6 4 10 5 0 13 1
29 26 29 32 2 7 1 19 0 1 3 12 3 12 3 12 0 1 17 0
17 1 30 32 31 25 31 33 26 33 19 1 21 1 0 11 0 21 1 2
25 23 27 24 31 32 8 33 15 32 14 32 20 33 32 31 25 24 27 2
16 6 4 10 4 0 1 30 8 2 9 2 28 33 20 32 29 32 30 33
6 0 13 0 4 0 7 0 31 24 25 31 24 25 23 32 33 23 27 23
20 33 23 27 23 32 31 24 27 2 3 7 3 0 13 1 2 3 13 0
11 0 10 5 16 6 4 6 0 12 0 19 1 19 33 32 29 33 18 33
19 1 3 12 3 1 30 1 19 1 21 0 3 12 3 13 0 31 28 33
15 33 27 24 25 31 33 32 31 0 7 3 0 31 24 25 31 33 14 32
1 21 0 31 25 23 32 8 33 29 26 33 31 25 31 24 31 33 18 33
24 27 23 33 31 33 26 29 33 8 30 32 15 33 8 32 30 8 0 10
30 32 2 13 1 3 7 3 2 8 2 1 7 0 6 4 0 2 0 2
9 2 0 1 21 1 30 1 2 3 7 1 13 33 22 32 15 33 30 33
22 32 30 32 22 33 29 23 33 8 2 7 2 7 1 17 1 17 0 10
10 4 10 4 6 5 10 4 6 16 6 5 6 16 6 0 8 32 30 33
0 3 12 3 2 1 2 9 2 1 3 0 19 1 2 32 14 33 19 0
14 33 29 33 30 32 14 32 14 32 14 33 28 2 0 4 6 4 6 16
23 32 30 33 20 33 18 33 14 33 29 26 33 8 33 32 2 27 2 32
8 33 18 32 22 33 32 15 32 8 30 1 0 11 0 21 0 19 0 17
13 3 13 2 32 29 33 31 32 22 32 33 30 1 30 8 30 33 28 2
3 7 3 7 0 17 1 0 4 10 5 0 19 33 29 23 29 32 22 32
31 25 31 24 27 23 25 24 31 28 2 7 0 8 30 33 23 25 24 31
4 10 4 10 4 10 4 0 10 4 10 4 6 16 6 0 1 13 1 30
32 14 33 27 33 27 2 9 2 13 3 2 7 1 30 1 19 0 2 8
26 29 23 25 23 25 31 24 27 23 25 24 27 33 26 29 26 29 23 33
21 1 0 21 0 1 3 13 0 13 0 6 16 5 10 4 10 0 17 1
8 0 1 3 0 6 5 6 5 0 1 21 0 13 1 30 8 0 21 0
12 0 10 0 12 0 1 21 0 17 1 21 0 1 17 1 3 12 3 7
7 2 9 33 8 32 30 8 30 1 0 10 4 6 0 3 7 2 28 33
25 24 25 23 29 26 33 23 27 33 14 32 30 8 30 8 0 11 0 7
0 4 0 7 1 2 32 30 1 19 0 3 0 5 0 1 21 1 7 3
3 12 3 13 2 3 0 12 0 21 1 0 8 2 13 1 19 1 3 12
23 33 26 29 33 23 33 32 22 33 28 33 14 33 20 33 19 0 19 0
15 33 15 32 8 30 1 13 0 6 5 16 6 4 0 2 27 24 27 2
13 1 7 1 19 1 0 31 32 30 32 29 26 33 30 32 30 32 33 27
31 24 31 32 33 8 2 13 3 2 0 11 0 17 1 0 17 1 2 0
30 1 21 0 21 0 10 4 10 0 8 30 8 0 2 32 23 25 23 29
17 1 2 13 33 30 1 2 9 2 3 7 1 19 1 0 4 6 16 5
5 0 5 10 0 11 0 3 12 3 13 0 11 0 17 0 19 0 4 6
9 33 8 33 29 32 31 25 23 27 24 25 31 32 30 8 33 28 2 27
14 33 22 32 22 32 22 32 20 32 29 32 2 8 0 10 5 10 5 16
2 27 23 29 33 30 33 20 33 30 33 29 33 19 1 30 33 28 33 30
27 2 28 33 20 33 31 0 8 2 27 24 25 24 31 28 31 28 33 13
29 33 14 32 18 32 15 33 30 8 30 1 19 0 17 0 13 3 2 27
32 18 32 2 8 0 17 0 6 16 6 4 0 8 2 0 21 1 21 0
26 29 23 25 31 28 33 26 33 8 32 14 33 19 1 13 2 32 31 24
28 33 29 26 33 29 26 29 23 29 32 18 33 19 0 5 0 3 13 3
18 33 30 1 19 33 27 24 31 24 27 23 33 9 33 23 29 23 27 33
6 0 12 3 1 13 0 12 3 1 0 10 5 0 2 7 2 13 33 27
11 0 3 7 0 6 4 0 31 32 29 23 33 23 27 2 8 0 4 10
22 32 15 32 33 27 24 31 28 31 24 25 23 25 31 32 30 1 2 7
24 25 23 29 32 20 32 18 32 31 28 31 33 26 29 33 26 29 23 33
4 6 16 5 10 4 6 5 10 5 16 5 0 19 33 31 0 1 17 0
10 4 6 16 5 10 0 17 1 21 0 13 0 19 33 14 32 20 32 31
33 14 32 14 32 15 33 23 32 23 25 31 28 2 0 12 0 6 5 6
20 33 18 33 8 32 31 0 7 2 8 32 33 18 33 32 15 32 15 32
19 1 30 32 23 27 24 25 23 32 30 8 30 1 3 2 0 13 33 32
1 0 31 0 8 32 33 18 32 14 33 26 33 30 8 0 2 7 0 31
16 6 4 10 0 2 0 21 1 2 9 2 28 2 0 12 3 7 1 13
21 0 5 10 5 16 6 16 6 0 5 0 7 3 1 19 33 19 33 14
20 33 29 32 15 33 8 33 30 8 0 1 17 1 7 2 3 12 3 13
25 24 31 0 4 0 2 32 8 2 27 23 29 32 8 30 1 17 1 3
1 13 0 13 1 2 9 2 32 18 33 29 32 15 32 22 32 23 29 32
33 22 33 23 33 29 32 31 32 15 33 8 0 21 0 8 2 27 24 25
19 0 4 10 5 6 5 10 4 0 8 33 9 33 29 33 20 32 14 32
24 25 24 25 23 32 33 27 23 32 30 32 14 32 30 32 2 8 2 1
3 1 13 2 8 2 32 22 33 15 33 20 32 2 0 17 0 17 0 7
15 33 15 32 15 33 30 32 29 33 28 33 13 2 28 2 28 31 33 14
10 5 0 31 24 27 2 28 31 24 31 0 8 32 15 33 15 32 20 32
26 33 31 33 19 0 12 0 11 0 11 0 3 2 0 1 19 0 4 10
14 32 30 32 2 3 7 3 0 11 0 2 32 8 33 8 0 1 17 1
4 0 11 0 21 0 31 0 12 0 6 16 5 16 5 0 5 10 0 7
7 3 12 0 1 2 9 2 32 15 33 8 30 8 32 33 9 33 23 25
18 33 28 31 28 2 3 12 0 10 4 6 4 0 6 16 6 4 10 5
16 6 16 5 0 1 19 33 9 33 20 33 20 33 27 2 27 2 7 1
13 0 13 33 22 32 22 33 18 32 15 32 31 0 1 21 1 0 19 0
9 2 1 0 2 27 23 27 23 25 24 27 24 25 24 27 23 27 2 27
0 11 0 6 4 10 0 11 0 5 6 16 6 0 17 0 4 0 19 33
17 0 12 0 17 0 11 0 10 0 12 3 1 3 12 0 3 13 33 8
31 33 14 32 18 33 28 31 24 31 28 2 13 2 8 32 15 32 15 32
30 8 0 31 32 14 32 15 33 8 2 27 24 31 25 23 33 9 2 9
2 27 33 32 33 13 0 10 0 2 0 10 5 10 4 6 16 5 16 5
12 3 0 1 17 1 21 0 4 6 5 16 6 5 16 6 4 0 13 33
23 32 29 26 33 20 32 29 26 33 14 32 31 25 31 25 31 28 2 3
8 33 28 33 19 1 3 0 1 19 0 3 7 2 28 33 8 0 31 28
6 0 7 0 2 1 3 1 21 1 0 7 0 13 1 21 0 21 0 7
21 1 17 1 0 8 30 33 27 23 33 15 33 30 32 33 8 32 23 29
22 32 31 33 9 33 20 33 15 33 22 33 28 31 0 3 13 33 22 32
29 32 33 26 33 28 33 19 0 10 5 16 6 5 10 5 0 8 33 31
28 2 9 2 27 23 29 33 32 14 32 8 0 31 28 2 13 33 13 1
32 18 32 20 32 31 33 29 26 33 28 33 9 2 9 2 32 31 33 8
27 24 25 23 27 33 19 0 6 16 6 5 0 13 2 13 3 0 4 10
11 0 11 0 5 0 31 33 14 33 19 33 23 27 2 28 31 28 31 0
5 16 6 16 5 0 12 0 31 32 18 32 29 23 33 26 29 32 14 32
11 0 11 0 31 24 31 24 31 0 5 6 5 16 6 16 6 16 5 0
2 9 33 26 29 26 33 23 29 23 29 23 29 32 8 33 27 2 9 2
30 32 2 28 2 32 18 32 14 33 8 30 33 26 29 26 29 23 33 20
1 2 27 33 32 30 32 33 9 2 0 3 7 2 28 2 3 13 0 21
10 0 7 2 3 1 21 1 17 1 21 1 3 13 3 2 32 20 33 19
18 32 18 33 28 31 33 26 29 32 18 33 14 33 28 31 33 23 25 24
31 33 20 32 8 33 13 0 10 0 1 7 0 3 12 0 19 1 7 0
22 33 23 33 27 33 19 0 2 1 21 0 8 0 6 5 6 0 7 1
29 26 29 33 23 25 23 25 31 32 30 8 2 0 11 0 1 2 8 33
17 1 2 8 33 32 18 32 31 0 21 0 12 3 12 3 12 3 2 28
4 0 19 1 21 1 0 5 0 21 1 7 2 3 2 1 2 8 33 9
6 4 0 2 0 10 4 10 4 6 4 6 16 6 16 6 5 0 7 0
20 33 23 32 8 33 8 33 31 28 2 0 31 25 31 32 23 25 31 24
32 23 25 23 29 26 33 9 33 27 23 33 29 26 29 32 31 24 25 31
25 23 32 31 32 30 8 2 13 1 21 1 19 33 9 2 9 2 9 33
21 0 13 33 18 32 15 32 20 32 29 32 14 33 15 32 2 7 0 10
15 33 15 33 27 33 30 8 0 19 1 19 1 30 8 32 30 32 2 9
27 24 31 33 29 32 31 0 19 0 5 6 16 6 4 0 12 0 31 32
13 1 21 0 13 1 17 1 21 0 21 1 30 33 23 27 23 25 31 25
12 3 7 0 7 1 7 3 1 7 2 0 1 0 21 1 21 1 21 0
19 33 18 32 22 33 14 32 33 32 31 33 27 33 28 2 7 2 27 24
3 0 4 6 16 6 0 13 2 8 32 22 32 18 32 22 33 28 33 15
16 5 6 5 10 5 6 5 6 16 5 6 16 6 0 7 2 27 2 8
28 2 8 2 3 2 7 0 5 0 5 6 16 6 5 6 5 6 4 6
33 20 33 13 2 1 19 33 8 33 9 2 32 18 32 23 32 20 33 28
24 31 25 31 33 27 24 31 33 29 33 19 33 13 33 27 23 29 33 32
26 29 23 25 23 27 33 28 31 32 8 33 13 3 13 33 8 33 30 32
7 0 8 0 2 9 33 22 33 26 29 32 14 33 30 8 33 19 1 7
8 30 33 13 1 17 0 4 6 0 5 6 0 3 1 0 3 7 0 4
5 0 11 0 7 1 2 13 1 30 8 30 32 30 1 19 1 21 0 4
23 33 14 33 27 33 19 0 17 0 21 1 0 6 16 6 5 16 6 16
0 6 0 5 0 5 10 0 21 1 17 0 31 33 8 0 11 0 2 9
9 33 15 32 33 27 2 27 24 27 33 14 33 30 8 0 21 1 0 8
14 33 29 23 32 33 19 1 13 33 31 24 31 28 33 9 33 13 3 1
21 0 5 10 0 19 0 3 1 3 13 3 1 2 0 12 3 1 21 1
33 30 1 13 0 21 1 7 2 7 0 12 0 31 33 15 32 20 33 13
9 2 7 1 0 21 1 30 8 30 1 7 2 3 12 3 2 27 24 27
20 33 8 32 14 33 22 32 20 33 32 31 33 26 29 26 33 30 33 29
5 16 5 6 0 10 0 31 0 7 3 0 7 0 17 1 2 0 21 0
0 13 2 7 1 13 3 0 1 30 32 15 32 31 25 23 25 31 33 18
2 32 22 33 32 33 9 33 14 33 32 14 32 29 32 22 33 31 33 31
23 27 2 0 10 0 17 0 19 1 19 1 21 1 3 7 2 32 29 32
12 0 13 2 3 1 13 3 12 3 1 2 9 2 13 0 8 0 17 0
1 7 2 1 3 13 1 7 3 2 8 0 31 0 13 0 2 28 33 20
6 4 0 7 1 17 0 2 9 33 8 33 13 0 1 0 10 0 6 16
17 1 2 8 2 8 33 30 1 13 2 7 0 21 1 13 0 13 3 0
28 2 28 33 27 23 29 32 33 9 2 28 33 30 1 17 1 30 33 31
3 7 0 13 33 15 32 29 32 30 1 7 0 10 0 2 1 7 2 7
18 32 2 0 2 3 0 4 6 5 16 5 10 4 0 17 1 2 7 1
4 0 6 4 6 4 10 5 10 5 6 4 6 16 6 16 5 6 0 13
16 5 10 4 10 0 31 25 23 29 26 33 28 2 28 31 33 9 33 14
14 33 23 29 32 18 33 31 33 32 14 33 31 24 25 24 27 2 9 2
22 32 29 23 25 23 33 30 8 32 2 8 0 12 3 13 33 27 23 32
25 23 33 8 33 19 0 1 7 2 28 31 0 2 28 2 3 12 3 1
27 2 28 2 28 33 9 33 32 29 33 15 32 30 33 18 33 19 0 3
10 4 0 13 0 17 0 6 16 5 0 19 1 21 0 19 0 17 0 17
11 0 5 6 4 0 6 16 5 0 10 0 1 17 1 30 8 0 8 32
24 27 23 27 24 27 2 0 1 30 32 30 8 30 8 30 1 0 4 10
31 32 18 32 15 33 13 0 21 0 6 16 6 5 10 5 10 0 11 0
7 0 10 5 0 6 0 31 33 15 32 18 32 15 33 20 33 30 33 20
15 33 19 0 8 32 33 19 1 21 0 8 0 6 0 5 0 19 1 2
19 0 5 10 0 2 27 2 0 4 6 16 5 6 0 2 13 33 22 32
8 33 8 0 1 21 1 17 0 7 1 13 1 7 0 12 3 7 0 7
32 29 33 32 31 0 2 13 1 17 1 7 2 0 5 16 5 16 6 4
13 0 6 0 19 33 31 24 25 23 27 24 31 32 22 33 29 32 8 33
26 29 26 33 19 0 13 3 2 9 2 3 7 0 10 0 5 0 13 1
30 1 13 2 28 31 33 27 33 22 32 15 32 8 2 28 31 0 7 3
29 33 14 33 26 33 32 31 25 23 25 31 33 8 30 1 2 27 24 27
10 0 17 0 5 10 4 10 4 6 5 10 0 31 25 24 25 31 28 31
29 32 8 32 23 27 23 29 23 25 31 25 24 31 24 25 23 29 33 28
4 6 16 5 10 5 10 0 31 33 22 32 33 30 33 13 33 8 33 8
0 10 5 16 5 0 31 24 27 2 8 0 17 0 13 2 28 2 9 33
33 9 33 15 32 20 32 29 23 25 31 32 31 24 27 24 31 25 24 27
20 32 8 30 32 31 28 33 31 28 33 27 24 31 33 29 26 29 32 20
17 1 2 1 19 0 11 0 12 0 10 5 0 31 33 18 33 23 25 31
3 13 33 28 31 25 31 32 2 7 0 12 3 13 1 3 1 7 1 19
27 23 25 24 31 32 33 28 2 28 31 25 23 27 23 29 32 31 0 4
1 2 32 23 27 2 3 7 1 3 12 0 6 16 5 10 5 6 5 0
14 32 30 32 31 0 31 33 15 32 8 33 20 32 23 33 29 23 29 26
23 27 24 31 28 33 13 0 10 4 10 4 6 4 0 12 0 13 0 21
18 33 28 33 9 2 1 0 11 0 31 32 8 0 31 0 12 0 19 0
19 33 28 33 30 33 23 25 24 31 24 27 24 25 31 28 2 3 1 2
6 0 31 33 22 33 32 15 33 26 29 26 29 23 25 23 32 33 13 3
15 32 31 33 28 31 24 25 24 27 24 25 31 25 23 33 8 32 30 33
28 33 18 33 9 2 3 13 0 12 3 0 10 4 10 0 10 4 10 0
9 2 9 2 13 3 0 3 13 1 19 1 3 0 2 3 7 1 7 2
16 6 4 10 5 0 3 7 2 13 3 13 3 2 0 13 2 7 2 9
11 0 13 33 27 23 33 13 33 26 29 23 25 23 27 23 27 33 18 32
21 1 17 1 19 0 4 10 4 10 0 21 1 2 8 32 20 33 27 33
2 8 0 12 0 3 1 2 0 7 1 17 1 2 9 33 15 32 29 33
26 33 13 0 2 9 2 1 19 0 6 16 6 5 16 5 0 2 0 5
32 8 2 7 0 4 0 2 9 33 29 23 32 8 0 13 2 8 33 30
25 23 32 30 32 23 33 30 32 31 24 27 23 27 24 27 24 27 23 29
13 2 32 8 30 1 3 7 1 3 2 3 0 7 1 7 0 19 33 31
7 0 1 21 0 7 3 12 0 19 1 7 0 17 0 31 32 33 23 33
24 25 24 31 0 6 0 12 3 13 0 6 4 10 4 10 0 10 0 4
12 3 2 27 2 28 33 27 24 27 23 27 23 27 33 14 32 31 32 33
8 32 33 26 29 33 28 31 0 10 0 1 3 13 33 8 33 13 0 3
31 25 24 27 24 27 23 33 32 14 32 2 28 2 13 3 12 3 1 17
22 33 22 32 14 33 19 1 0 3 2 7 0 2 3 1 13 2 3 1
5 10 5 0 11 0 12 3 0 7 2 28 31 32 31 28 31 0 4 10
30 33 20 33 19 33 9 2 3 2 9 33 20 33 31 25 31 33 29 23
8 2 13 33 23 32 23 27 24 25 31 25 24 25 23 25 31 25 31 28
32 15 33 27 33 14 32 33 26 29 23 32 15 32 20 32 2 8 32 33
0 13 1 30 8 32 20 32 33 23 33 15 33 31 24 27 33 9 33 23
2 32 20 33 22 33 29 26 33 8 32 2 7 3 1 0 13 1 3 13
14 32 23 33 22 32 33 31 33 20 33 20 33 23 29 32 29 33 31 33
15 32 14 33 32 15 33 20 32 31 0 12 3 12 3 1 7 2 28 2
19 0 6 4 0 3 2 3 0 7 0 8 2 9 2 28 33 19 0 8
5 10 0 4 6 0 5 10 4 10 0 6 4 6 4 6 5 16 6 5
27 23 32 33 20 32 29 26 33 8 32 2 9 33 19 33 29 23 27 33
24 25 23 33 8 2 32 31 28 33 13 3 1 30 32 2 32 30 1 30
13 0 4 6 5 0 10 0 4 6 5 0 11 0 17 1 17 1 3 0
23 25 31 28 33 32 29 32 33 30 8 2 3 2 9 2 8 0 2 1
6 5 10 5 10 4 6 4 0 11 0 19 0 3 0 4 6 5 10 4
11 0 10 0 11 0 5 10 5 0 17 1 17 0 31 33 29 32 29 26
17 0 4 10 5 0 5 16 5 6 4 10 0 5 10 5 10 0 11 0
25 31 25 31 33 30 32 22 33 32 29 23 25 23 27 33 19 0 3 0
31 0 17 1 21 1 7 0 21 1 3 12 0 12 3 0 4 0 11 0
26 33 27 23 32 20 32 20 33 31 32 33 31 33 26 29 32 8 2 0
30 32 30 8 30 1 3 0 5 16 6 5 16 5 16 5 16 5 6 5
22 32 30 33 27 33 15 33 13 3 1 3 7 2 28 33 30 8 2 9
20 32 23 29 23 32 2 27 2 3 0 6 5 0 19 0 2 7 2 1
7 2 32 18 32 29 26 33 31 25 31 24 25 31 25 31 0 8 30 33
12 0 1 13 2 27 23 29 26 33 19 1 13 1 13 1 19 1 13 2
29 23 33 18 33 22 33 27 23 27 33 32 23 25 23 29 26 29 33 19
28 31 25 31 33 29 33 28 2 8 33 19 1 7 2 7 1 30 1 7
16 5 16 6 0 17 0 1 17 1 7 2 28 31 24 27 33 20 33 32
9 33 9 2 27 24 31 24 25 24 25 24 27 24 25 23 32 33 18 32
4 0 1 0 17 0 12 0 6 5 6 5 10 4 6 0 19 1 30 33
18 32 22 32 18 33 22 32 15 32 20 33 15 32 20 32 2 32 8 30
10 5 16 5 10 4 6 0 3 1 17 0 19 33 19 1 19 33 20 32
1 17 0 17 0 21 1 30 8 33 19 33 23 32 29 32 33 8 30 32
33 23 32 15 33 22 33 14 33 27 33 22 33 26 29 33 8 0 10 4
21 0 8 33 9 33 20 32 14 32 8 2 0 5 6 16 6 0 10 0
3 1 30 1 3 0 6 0 8 30 33 14 32 31 33 31 32 22 33 23
31 24 27 24 25 24 31 0 13 2 1 3 0 5 16 6 5 10 5 6
11 0 19 0 19 33 31 24 25 31 25 24 25 23 33 22 32 8 2 28
6 4 10 4 10 5 10 5 0 2 3 2 0 10 5 0 8 0 8 2
9 33 23 32 14 33 15 33 14 32 8 32 15 33 15 33 31 24 31 33
24 31 32 14 33 23 29 33 26 29 33 29 26 33 18 32 30 32 33 23
28 2 9 2 32 14 32 8 2 28 33 13 0 6 4 6 0 1 30 8
25 31 0 13 2 27 2 27 23 32 14 32 8 0 12 0 7 2 1 17
22 33 15 32 15 32 20 32 33 26 33 22 33 32 33 23 33 19 0 3
23 25 31 25 24 27 33 29 33 30 1 30 8 32 18 32 33 30 32 18
14 33 8 33 8 32 33 8 33 27 23 25 24 27 33 30 1 30 1 17
8 33 26 29 32 33 18 32 15 33 14 32 22 33 23 25 24 27 24 25
4 0 2 1 3 12 3 13 2 32 15 32 8 0 5 16 6 5 6 4
7 2 3 2 32 18 32 33 14 33 9 33 29 33 13 0 11 0 7 2
20 32 33 13 33 31 0 10 4 0 10 0 1 3 0 1 7 0 13 1
13 3 0 12 3 7 1 3 0 21 1 2 27 24 27 23 32 8 30 32
1 3 13 0 5 6 5 6 5 0 31 0 1 3 7 0 17 1 13 1
32 33 30 1 21 1 19 33 13 1 17 1 17 0 6 16 6 5 0 10
15 32 14 33 26 33 18 32 30 8 30 32 33 28 31 25 24 31 25 31
18 33 19 1 0 5 10 0 4 6 4 6 16 5 10 4 0 8 33 19
27 33 20 33 22 32 15 33 18 33 32 23 33 14 33 22 33 26 33 26
26 33 13 3 12 0 31 24 27 2 1 0 11 0 13 1 19 33 31 0
3 13 3 12 3 7 0 3 1 19 1 30 1 2 3 2 28 33 20 33
19 0 8 2 13 0 10 0 17 1 30 1 2 27 33 30 33 30 8 32
33 28 31 25 24 25 24 31 28 31 32 33 19 0 31 0 31 25 24 31
0 12 0 4 0 17 0 31 33 23 33 14 32 29 33 8 32 14 33 28
21 0 7 0 7 3 13 0 8 0 17 0 11 0 7 1 21 0 4 10
30 1 19 33 18 33 18 32 29 26 29 23 32 29 33 9 33 22 33 23
29 32 23 32 14 32 33 19 0 12 3 13 2 1 0 1 2 28 31 24
2 1 3 2 27 23 33 14 33 26 33 20 33 30 1 3 1 30 33 26
16 5 16 5 10 0 31 32 22 32 22 33 31 0 12 3 2 0 1 2
5 16 6 5 10 0 13 1 3 13 3 7 1 21 0 5 0 17 0 5
17 0 17 1 30 33 28 2 27 24 31 28 33 19 0 4 0 4 6 0
10 5 16 6 4 0 6 4 0 2 27 24 25 31 28 33 31 28 33 15
12 3 1 3 1 30 32 33 22 33 32 33 28 2 28 33 31 32 20 32
9 33 23 27 23 32 22 33 29 26 33 13 3 7 1 21 1 13 0 13
24 31 32 20 32 2 3 0 13 2 13 2 0 12 0 4 0 7 3 0
0 4 10 5 10 5 10 5 16 6 4 10 5 16 6 16 6 5 16 6
29 32 33 26 29 32 18 32 33 8 33 31 25 24 27 33 23 32 29 32
10 5 0 1 17 1 30 33 22 32 14 33 20 33 14 32 29 33 32 20
5 6 16 6 4 6 4 6 5 10 5 16 6 5 0 7 2 27 23 25
33 19 1 7 0 2 13 2 28 33 23 32 33 8 30 32 31 32 20 33
16 6 5 10 5 0 12 3 7 1 19 1 2 13 33 13 3 13 0 13
12 0 31 32 30 1 17 0 31 32 2 27 24 31 33 31 32 23 33 29
6 16 5 6 4 0 10 4 10 4 10 0 2 8 33 15 33 18 32 29
21 0 17 1 3 13 3 0 7 2 9 33 13 3 1 19 33 26 29 32
8 2 0 1 19 0 2 13 2 9 2 32 30 33 23 33 22 32 33 32
23 33 23 32 8 33 31 28 2 28 2 3 13 3 1 0 11 0 12 0
14 33 19 33 28 33 27 24 31 0 4 10 0 6 0 19 0 10 5 10
7 3 13 2 28 31 0 10 0 31 33 18 33 8 0 3 2 3 0 1
26 29 23 32 30 8 2 1 19 33 14 33 18 33 27 24 31 28 33 30
27 23 29 33 32 8 2 8 33 30 33 18 33 22 32 14 32 33 27 24
17 0 8 33 30 1 21 0 11 0 31 0 19 1 19 1 3 13 33 22
25 31 24 31 0 31 24 27 23 25 24 25 23 25 23 27 23 33 22 32
18 32 22 32 29 32 18 33 9 33 28 2 0 21 0 2 27 33 32 30
11 0 4 6 4 6 4 6 0 3 2 8 33 14 32 2 32 22 33 18
31 32 14 32 14 32 31 0 11 0 1 2 0 6 5 10 4 0 13 2
15 32 8 0 2 1 17 1 2 9 33 20 32 2 9 2 8 33 30 33
32 23 29 23 25 24 31 33 32 22 32 33 13 3 13 2 3 1 17 0
28 33 32 2 27 2 0 4 0 8 33 31 25 24 31 33 27 23 27 23
2 32 18 33 13 33 13 33 22 33 15 32 29 33 14 32 23 29 33 31
3 12 0 4 6 5 16 5 6 5 6 16 6 4 0 8 32 29 23 32
20 33 23 27 2 32 31 24 27 2 27 23 25 24 27 24 31 24 25 23
30 32 31 32 2 7 1 2 3 2 7 3 2 9 33 13 0 11 0 3
1 19 1 13 33 29 33 28 31 24 25 23 33 27 23 27 33 9 2 7
19 33 32 18 32 20 32 8 32 14 32 22 32 2 1 2 8 32 8 2
13 33 18 33 15 33 13 1 0 5 6 16 5 6 5 6 16 6 16 6
22 32 30 32 31 24 25 23 27 2 9 33 9 2 0 12 0 31 24 27
4 0 19 0 5 0 7 2 9 33 22 33 9 2 8 30 1 2 3 2
19 33 8 30 33 22 33 19 33 30 33 22 32 31 32 15 33 30 1 21
31 0 12 0 5 6 0 13 2 0 6 16 5 0 31 25 31 25 24 25
2 7 1 2 3 1 2 7 3 1 30 8 2 7 2 28 2 3 2 9
8 30 33 27 24 25 31 33 32 29 33 26 29 23 33 18 32 30 1 13
1 2 9 2 32 8 0 5 10 5 16 6 4 10 4 0 4 0 17 0
13 1 21 0 11 0 19 0 13 0 19 33 27 2 1 21 0 5 16 5
9 33 23 27 33 15 32 31 33 9 33 27 23 25 24 31 0 13 1 2
7 3 2 13 1 19 0 19 33 15 33 23 33 32 33 27 23 27 23 29
33 29 26 33 22 33 32 15 32 22 32 14 33 27 24 31 24 31 25 23
21 0 8 33 28 31 25 31 25 31 25 23 33 30 1 17 1 21 0 10
10 0 4 6 16 6 16 6 5 6 0 31 25 23 29 23 29 23 32 14
14 32 8 32 23 25 24 27 24 27 33 15 33 23 25 23 33 31 25 31
18 32 33 23 33 20 32 2 8 0 4 10 4 0 7 3 13 1 2 13
26 33 22 32 31 25 31 32 22 32 23 27 23 29 32 18 33 9 2 13
23 25 24 27 23 25 24 25 31 0 3 12 0 1 19 33 30 8 30 8
5 10 4 0 6 16 5 6 16 6 16 6 0 21 0 7 2 7 3 12
32 18 32 22 33 27 33 26 29 26 33 18 32 15 33 29 33 18 33 32
15 32 23 29 26 29 32 33 9 2 0 8 0 1 21 1 30 1 3 7
27 33 13 1 17 0 7 1 19 1 2 9 33 22 33 31 33 8 30 8
30 1 21 1 19 33 19 1 0 13 0 3 2 0 12 0 7 3 0 2
29 26 29 26 33 15 32 18 33 13 3 0 7 1 7 2 9 33 29 33
25 23 25 24 31 33 20 33 22 33 13 1 13 33 18 33 31 0 7 3
3 7 1 2 9 33 30 8 30 32 14 32 33 8 33 8 33 15 33 26
0 31 32 8 33 20 32 23 32 8 2 9 2 28 2 3 7 0 2 28
20 33 26 33 29 26 33 9 2 0 31 33 20 32 33 29 26 29 32 31
22 33 26 33 27 23 32 8 32 30 32 30 1 7 0 31 24 27 2 28
12 0 1 17 1 21 0 13 33 29 23 29 32 23 29 26 33 20 33 22
24 31 28 2 1 17 0 19 33 23 25 31 25 24 31 32 22 32 33 18
16 6 4 10 5 6 0 13 3 2 8 0 2 13 3 7 1 7 0 8
6 0 21 0 1 13 0 5 16 6 5 6 16 6 16 5 16 5 6 16
28 33 9 2 1 0 21 0 13 1 17 1 3 7 1 13 1 30 33 14
4 0 8 32 22 33 22 32 18 32 31 24 31 24 25 23 27 33 14 33
17 0 6 4 0 3 1 3 13 3 1 30 1 21 0 31 28 31 32 20
11 0 8 33 18 32 2 8 30 8 0 21 0 8 30 33 9 33 15 32
29 26 33 30 33 32 29 23 29 23 29 26 33 8 2 7 2 1 3 1
11 0 17 0 12 3 13 3 13 2 3 2 27 23 33 18 33 8 33 23
28 33 32 22 32 31 24 31 32 22 33 27 23 27 24 31 0 3 13 2
31 24 27 23 33 15 33 9 2 3 1 2 7 1 0 10 5 6 16 6
17 0 8 30 8 32 33 14 33 23 27 24 27 33 20 32 15 33 20 32
5 16 6 4 10 4 10 4 6 0 19 1 13 3 2 7 1 13 0 11
26 33 28 33 28 31 0 21 0 21 1 21 1 13 0 1 13 1 7 0
2 27 23 25 24 31 28 31 24 25 23 29 23 27 33 14 32 30 1 13
25 23 33 29 23 27 24 27 2 3 2 9 33 20 32 18 33 19 0 12
10 5 10 5 6 16 5 6 5 6 5 6 4 10 4 0 19 0 21 1
13 0 7 0 17 0 2 3 0 11 0 8 0 12 0 21 0 11 0 10
1 7 3 7 0 7 1 17 0 21 0 17 0 6 4 6 16 6 0 13
24 25 31 33 13 33 22 33 9 33 23 33 26 29 23 25 23 27 2 8
33 27 24 25 23 27 24 27 33 30 1 0 21 0 5 0 10 4 0 8
23 33 23 25 24 25 31 0 19 33 23 33 30 33 14 33 28 33 20 33
14 32 20 32 31 28 2 28 31 25 31 25 31 25 23 27 2 13 3 0
32 31 32 20 33 14 32 14 32 33 23 27 33 15 32 2 7 1 2 7
20 33 19 33 27 24 31 0 8 0 4 0 7 0 10 0 21 1 13 0
22 32 14 32 15 33 32 33 8 33 14 33 32 29 32 30 8 0 4 10
4 6 5 6 16 5 16 6 0 6 16 5 0 5 6 5 10 4 10 4
7 2 0 12 0 5 0 2 28 2 7 2 27 24 27 24 31 25 24 25
18 33 27 33 22 32 8 0 10 4 6 16 6 4 6 16 6 0 21 0
3 1 2 1 7 2 1 13 1 30 8 2 32 2 32 29 23 25 24 31
6 4 6 5 10 4 0 19 33 22 32 30 32 29 23 29 33 20 33 19
27 33 27 2 0 19 33 9 2 1 19 0 7 2 32 30 32 22 32 22
8 33 22 32 29 26 33 22 32 20 32 2 7 3 2 1 30 1 21 0
19 1 3 7 3 7 1 0 8 30 8 30 33 19 1 21 1 2 27 2
0 3 1 2 27 2 1 7 2 13 33 14 33 32 30 32 30 33 8 30
16 6 5 0 17 1 2 0 2 13 3 1 19 1 3 7 1 0 1 7
12 0 19 0 21 0 8 2 13 1 2 1 2 0 31 33 27 2 0 1
9 2 13 0 7 2 3 2 3 1 2 27 24 27 2 3 13 33 19 33
21 0 17 1 0 21 1 3 13 0 5 6 5 10 0 13 3 12 3 7
15 33 8 2 28 33 30 32 14 33 29 26 33 8 0 12 0 12 3 1
30 8 33 23 27 33 32 18 33 8 33 28 33 31 32 18 32 15 33 18
11 0 10 4 6 16 6 5 10 0 7 2 9 2 27 24 27 2 7 2
26 29 33 9 2 3 12 0 12 3 0 13 3 2 0 7 1 30 8 0
7 2 1 21 1 7 1 13 0 2 1 30 8 2 28 31 28 31 28 2
25 24 27 33 31 0 21 1 19 0 11 0 4 10 4 0 6 16 6 4
33 28 31 32 18 33 8 2 1 2 3 12 0 3 12 0 12 3 2 9
17 0 21 0 17 0 5 0 10 5 0 5 10 5 10 0 6 5 6 4
5 0 13 1 3 0 8 33 30 8 33 9 2 32 20 32 2 9 33 18
10 5 0 5 6 0 21 0 11 0 11 0 7 0 21 0 8 2 9 33
24 25 24 31 33 15 32 15 33 28 2 8 33 8 32 22 32 30 33 28
4 10 4 0 5 6 4 0 2 9 2 8 2 1 21 0 6 16 6 0
18 32 29 23 25 24 31 33 9 2 28 33 8 2 27 2 3 13 33 22
32 30 33 18 32 31 28 2 13 0 7 3 12 3 2 27 33 26 29 23
19 0 21 1 17 0 11 0 11 0 19 33 14 32 2 9 2 9 2 1
9 33 28 2 9 2 9 2 32 23 32 22 32 14 33 13 0 13 2 28
27 2 1 13 1 3 12 0 2 28 31 25 23 27 23 29 33 30 33 19
23 32 18 33 27 33 27 33 15 33 31 32 30 1 7 2 8 30 33 23
1 17 1 13 33 31 28 33 32 14 33 26 29 23 29 32 33 22 33 9
22 33 30 33 22 33 28 33 30 1 17 0 7 2 7 0 7 3 7 2
13 3 0 10 5 6 16 6 16 5 0 5 6 5 10 4 6 16 6 5
29 26 33 13 0 17 0 5 16 6 4 6 16 5 16 5 16 5 16 6
15 33 29 32 8 0 4 6 5 6 4 6 4 10 0 4 0 1 17 1
28 33 14 33 15 33 19 1 30 1 30 33 32 33 26 33 15 32 2 8
12 3 12 0 12 0 6 5 0 12 3 13 1 3 0 10 4 10 0 19
31 32 33 13 33 13 1 17 0 1 30 1 19 1 2 1 0 19 0 11
6 0 12 3 1 30 8 30 8 2 8 33 9 2 9 2 3 1 13 3
14 32 31 33 26 33 30 33 23 29 32 31 0 13 2 8 2 1 17 0
2 28 31 33 18 33 22 32 8 32 14 32 18 33 22 33 28 33 31 32
0 6 0 19 0 21 0 12 0 11 0 6 0 8 32 2 8 0 19 0
21 0 8 33 14 33 18 32 33 23 25 23 29 23 25 23 25 23 32 30
8 33 20 32 22 33 29 26 33 30 8 30 33 28 2 27 33 32 23 32
16 5 6 5 0 6 4 10 4 0 11 0 17 0 12 3 7 0 4 0
20 32 22 33 31 28 2 9 33 31 32 20 32 8 2 8 32 23 27 2
30 33 31 25 31 28 33 31 33 19 33 13 2 8 32 18 33 28 2 7
3 13 1 21 1 21 1 30 1 2 0 5 16 6 5 16 5 16 5 16
18 32 2 32 15 32 18 33 19 0 13 0 13 1 30 1 3 7 1 17
13 0 1 19 33 22 33 20 33 27 33 32 33 23 32 14 33 14 33 23
20 32 15 33 22 32 22 33 19 1 0 3 13 33 22 33 30 1 3 1
0 7 0 8 32 30 32 18 33 29 32 2 32 18 32 33 19 0 2 32
3 0 21 1 17 0 17 1 3 7 0 5 0 13 33 8 32 22 33 9
8 30 32 33 28 31 25 31 0 6 16 5 6 4 0 31 32 20 32 31
22 33 29 33 31 24 25 31 0 12 0 4 0 19 0 3 2 1 21 0
27 23 32 18 33 9 2 13 3 0 1 13 0 5 0 10 4 0 12 0
19 0 1 3 1 2 28 2 3 2 13 0 1 19 1 19 1 30 33 30
33 13 0 1 13 33 22 33 19 33 28 31 0 5 16 5 10 0 19 1
14 32 30 32 14 33 22 32 22 33 29 33 20 32 30 1 7 1 21 0
7 3 13 1 3 2 27 2 3 12 0 4 0 2 9 33 19 0 21 1
6 5 10 0 21 0 2 0 31 24 25 31 25 24 27 23 33 31 0 3
26 33 23 25 24 27 23 27 24 27 23 27 2 13 3 0 3 0 7 3
28 2 13 33 9 33 23 33 31 28 33 19 33 28 2 13 0 10 4 0
16 5 6 16 6 0 17 0 12 0 5 10 5 10 0 21 0 3 12 0
10 4 6 4 6 16 6 4 0 4 10 0 12 0 2 32 2 1 30 8
32 14 32 23 32 22 32 33 26 33 22 33 31 25 24 31 28 33 8 0
1 21 1 19 33 9 2 7 2 9 2 7 0 3 7 1 7 1 30 1
2 8 33 30 1 19 0 31 28 31 28 33 26 33 29 32 2 27 24 25
12 0 19 0 1 3 1 19 1 3 12 0 6 4 0 5 16 6 4 0
23 27 2 32 18 32 22 32 22 33 32 20 33 32 2 27 2 13 1 0
30 8 2 8 2 28 33 13 33 29 33 23 33 13 33 14 32 31 24 31
24 27 2 9 2 28 2 0 6 0 2 0 19 33 8 32 31 32 23 33
29 23 29 32 14 32 8 30 8 2 8 32 22 32 14 32 15 32 23 29
4 6 5 0 4 6 0 1 2 0 12 0 4 6 0 7 0 7 2 13
9 2 3 7 0 11 0 4 0 10 5 10 5 10 0 5 0 10 4 6
21 1 0 19 0 31 28 31 28 31 24 25 24 25 24 25 23 27 2 7
25 24 27 33 14 32 18 32 33 9 33 15 33 28 31 32 23 32 18 33
31 32 18 33 20 32 33 8 33 26 29 23 29 26 33 20 33 8 0 31
5 0 2 28 2 8 33 27 23 25 31 33 26 29 32 8 32 30 33 20
11 0 31 28 31 0 1 3 13 2 27 33 14 33 18 32 15 32 30 8
17 0 19 33 9 33 28 2 28 2 32 30 8 33 30 1 2 7 1 2
15 32 14 32 18 32 31 0 6 4 10 0 5 0 21 0 11 0 10 5
33 9 2 0 8 32 33 28 2 8 2 27 23 32 33 27 2 32 18 33
18 32 31 24 25 24 31 0 1 13 0 3 2 13 3 0 3 7 1 13
8 32 33 31 33 9 33 15 32 33 26 33 32 20 32 29 33 19 33 20
5 16 5 6 0 19 1 2 3 0 21 1 0 4 0 31 32 31 32 8
12 3 7 3 7 1 21 0 6 0 21 0 21 0 17 1 7 0 7 3
17 1 30 33 32 23 32 33 27 33 26 33 9 2 7 3 0 21 0 8
9 2 28 2 7 0 4 10 0 31 25 24 31 28 33 31 25 23 32 18
2 1 19 0 19 0 17 0 3 12 3 1 19 33 14 33 14 32 30 1
0 4 6 5 16 6 4 0 13 0 2 9 2 1 2 0 4 10 0 12
14 33 28 31 25 24 25 31 32 23 27 23 29 32 14 32 31 33 30 33
28 2 1 17 0 11 0 17 1 30 8 33 15 33 27 24 31 24 25 24
23 25 23 32 2 7 3 0 10 4 10 4 10 5 0 10 4 6 4 6
24 25 23 27 23 33 19 0 13 2 0 10 0 12 0 17 0 19 1 13
7 1 17 1 21 1 13 33 20 32 20 33 26 29 23 25 31 33 8 0
13 33 14 33 15 33 20 32 30 8 33 32 29 26 29 26 29 26 29 23
21 0 2 9 2 1 0 6 5 6 4 0 21 0 8 33 22 32 31 24
26 29 32 8 32 15 32 31 24 31 25 31 0 8 32 31 24 25 31 25
4 6 4 0 10 0 19 0 4 0 31 0 19 1 30 1 17 0 3 13
15 33 31 28 33 30 33 30 8 32 29 23 33 19 33 18 33 20 32 22
30 32 23 27 33 32 2 8 2 27 33 8 2 8 0 2 9 2 27 2
22 33 14 32 31 24 31 32 22 32 23 25 31 28 2 7 2 0 4 10
16 6 4 10 0 7 1 3 13 0 8 30 33 19 0 19 0 2 1 7
19 0 13 2 8 0 21 1 2 27 2 8 32 8 33 27 23 33 26 33
25 24 31 28 33 23 29 23 25 23 27 24 31 25 23 32 8 2 0 6
10 0 10 0 11 0 2 28 33 19 0 3 13 0 13 33 30 32 8 0
6 16 6 4 0 21 0 5 16 5 16 6 16 5 0 5 10 4 10 0
20 32 14 33 13 3 13 2 0 5 0 19 0 21 1 30 8 0 6 5
11 0 21 0 13 33 20 33 14 32 20 32 29 23 32 31 0 2 32 20
31 24 25 24 27 23 29 33 14 33 27 2 0 13 3 12 3 7 2 3
3 1 19 33 22 33 18 33 18 33 32 2 1 2 27 23 33 9 2 3
32 18 33 26 33 31 32 2 1 21 1 21 1 21 0 12 3 1 19 1
27 33 9 2 32 15 32 23 25 23 25 31 28 2 0 6 5 10 4 0
29 32 22 32 2 13 3 2 7 3 0 8 33 23 32 14 33 18 32 30
1 3 0 7 3 7 3 7 0 7 0 21 0 6 0 7 2 9 33 32
25 23 33 23 27 2 13 3 1 21 1 7 1 21 0 4 6 0 5 0
13 0 11 0 4 6 0 31 33 9 33 30 32 23 25 23 27 24 25 24
18 33 23 25 24 27 23 25 24 25 31 28 31 28 33 15 33 15 33 32
7 1 7 2 13 1 21 0 13 0 21 0 7 3 13 1 21 0 13 3
22 32 33 20 33 28 33 23 32 31 0 17 0 11 0 2 32 2 8 33
24 27 2 28 33 22 33 28 2 7 2 8 30 8 30 32 22 33 23 27
21 0 8 32 33 15 32 22 33 20 32 8 32 8 0 8 33 26 33 29
15 33 15 33 8 2 13 3 2 3 12 0 1 30 33 28 33 28 2 3
33 30 1 19 1 13 33 27 2 32 14 32 8 30 1 21 1 17 1 21
23 33 18 32 31 32 31 28 31 25 24 27 24 25 23 29 33 30 8 2
1 7 3 1 0 5 6 5 10 5 16 5 16 5 6 0 4 10 0 13
2 28 33 29 23 25 24 31 32 2 9 33 27 23 32 20 33 22 33 28
8 32 8 32 23 29 32 31 28 2 8 33 19 33 22 32 29 33 23 25
3 2 27 24 25 23 32 23 27 24 31 28 2 1 17 1 0 3 2 28
9 2 13 0 6 0 5 0 6 4 0 10 4 10 4 6 4 10 4 0
0 3 7 1 30 33 15 32 14 32 20 32 15 33 14 33 14 32 29 23
12 3 1 21 1 3 1 30 32 8 2 7 1 7 2 9 33 29 26 33
16 5 10 5 16 5 0 13 2 9 2 28 2 9 33 29 26 33 29 33
11 0 4 10 0 17 1 2 7 3 7 3 12 3 1 0 19 0 11 0
4 0 12 0 7 3 0 19 1 0 3 7 1 30 8 33 19 1 21 0
19 1 17 1 3 12 0 13 1 2 32 14 33 32 33 32 18 32 15 33
20 32 31 25 31 32 22 32 15 32 29 26 29 26 29 23 29 32 2 9
31 32 2 7 2 3 7 0 8 32 14 33 22 33 29 26 29 23 29 23
26 29 26 29 32 22 32 23 32 20 33 30 1 2 32 30 32 18 33 14
5 0 11 0 3 1 13 1 0 1 17 0 5 6 5 16 6 0 2 27
27 33 29 32 8 30 1 13 2 0 31 25 23 29 23 25 31 0 13 3
10 5 16 6 4 6 5 0 21 1 3 13 1 21 1 13 33 20 33 32
6 4 10 4 0 2 0 3 13 3 12 0 6 16 6 4 10 4 10 4
32 31 33 15 32 23 32 8 32 22 33 14 33 30 1 2 7 3 1 3
17 0 10 4 0 12 3 7 0 19 1 21 1 0 19 33 31 28 31 0
29 32 14 33 9 33 20 32 23 32 29 26 33 19 1 0 10 5 16 5
28 31 0 10 4 6 0 13 3 2 0 4 0 6 5 16 5 0 4 0
14 33 29 32 23 29 26 29 33 22 32 30 32 30 8 2 27 2 9 2
30 8 2 1 19 33 23 29 33 26 33 23 29 33 18 32 23 32 29 33
17 0 3 7 2 8 32 15 32 20 33 31 28 31 32 14 32 30 1 0
11 0 8 2 3 1 30 32 30 33 32 31 0 11 0 3 12 0 8 30
2 3 13 2 8 33 29 23 27 33 23 33 20 33 29 33 23 29 32 23
5 16 5 6 4 10 0 21 1 3 12 0 8 30 33 19 1 13 0 1
22 33 23 25 24 27 23 27 2 8 30 1 3 2 27 23 25 23 27 24
25 24 25 23 33 31 25 24 31 24 25 31 0 7 3 7 3 2 8 30
3 7 1 3 7 3 2 13 1 30 33 26 33 32 31 28 33 20 33 30
26 33 19 1 17 0 5 6 4 0 19 1 13 1 3 13 2 0 11 0
9 33 31 24 27 23 25 31 0 8 33 9 33 19 33 15 32 31 0 4
24 31 28 31 25 31 28 31 0 2 28 33 27 33 32 8 33 18 32 2
23 27 2 1 19 33 30 33 20 33 22 33 31 32 15 33 19 1 17 0
14 33 14 32 20 33 8 30 32 2 3 7 1 0 11 0 13 1 21 1
7 3 13 33 32 15 32 30 1 7 1 30 33 28 31 28 33 20 32 23
4 0 12 3 12 3 1 13 33 28 31 28 33 26 29 23 25 31 0 3
10 4 0 2 3 12 3 1 17 0 1 19 33 23 29 33 27 24 31 25
29 26 33 8 33 8 0 10 0 17 0 11 0 10 4 6 16 5 6 16
27 2 32 18 32 15 33 28 2 27 2 0 12 3 0 6 16 5 16 5
31 25 23 25 23 29 32 22 32 20 33 29 32 23 25 31 32 18 32 8
6 16 6 16 5 6 0 5 6 4 0 5 6 5 6 5 0 31 33 9
21 0 3 7 3 1 17 1 30 32 31 24 25 23 29 23 25 23 29 32
8 33 19 1 17 0 2 28 31 25 23 29 32 30 1 17 1 0 8 2
0 6 16 6 4 6 5 10 5 10 5 16 6 4 10 0 13 33 22 32
32 2 1 7 3 7 3 13 33 28 33 26 33 14 32 20 33 30 8 2
13 3 7 1 19 0 13 3 2 9 2 13 0 6 16 6 16 6 4 0
15 33 26 29 23 27 24 31 25 24 25 23 25 23 25 31 25 31 28 31
19 0 31 32 8 33 26 33 31 33 29 23 29 32 30 1 30 32 15 32
33 8 0 6 5 16 6 16 5 10 4 6 5 0 6 4 10 0 5 6
28 2 13 2 1 3 7 2 7 1 19 1 7 1 21 0 13 2 32 8
20 33 29 26 33 30 33 13 1 19 33 14 32 23 33 30 8 30 33 15
16 5 0 8 32 2 0 7 2 9 2 7 2 27 33 30 8 0 21 1
12 0 6 4 0 13 33 31 25 24 31 0 6 4 10 5 0 17 0 31
30 8 30 8 33 26 33 32 15 32 29 32 23 25 24 27 23 27 2 1
18 32 29 32 20 32 20 32 29 23 33 18 33 31 32 22 32 29 33 32
1 13 1 30 32 18 33 29 32 30 1 17 1 17 1 30 32 23 29 33
19 33 20 33 19 33 28 31 25 24 31 25 24 31 25 24 25 31 24 31
16 5 10 5 16 6 16 5 6 4 6 0 4 6 0 2 1 17 1 21
20 32 2 28 31 0 21 0 8 30 1 19 33 23 32 2 3 12 3 12
6 4 0 11 0 2 9 2 28 2 8 32 14 32 30 1 2 8 30 33
7 0 19 0 1 7 1 13 0 3 13 3 12 3 7 1 21 0 21 1
25 23 25 23 33 23 32 18 33 14 33 13 0 2 32 22 33 9 2 13
21 0 13 33 26 33 23 27 33 26 29 32 8 32 8 2 3 1 3 1
29 32 29 26 29 26 29 26 33 19 33 28 31 32 2 27 33 26 33 9
14 33 20 32 18 33 15 33 13 3 13 3 0 17 0 8 33 8 30 33
2 1 7 1 7 3 13 3 12 0 7 2 9 33 13 1 3 0 6 4
0 31 24 31 24 27 2 9 2 28 31 32 30 33 32 2 3 2 7 1
15 33 31 28 31 24 25 24 27 2 28 31 28 2 1 0 3 12 0 7
5 6 16 5 10 5 10 5 6 16 6 16 6 0 2 3 0 7 1 2
22 33 20 33 32 18 33 9 2 9 33 14 32 29 33 26 33 23 32 20
11 0 13 1 7 3 2 13 1 7 1 13 33 28 31 24 31 0 19 33
33 20 32 18 32 15 33 28 31 25 24 31 33 15 32 23 29 26 29 23
30 33 28 33 28 33 13 33 32 14 32 30 32 33 28 31 24 31 24 31
8 0 8 30 8 2 13 2 8 32 14 32 30 8 32 31 25 23 25 23
23 25 24 31 0 7 1 30 32 31 24 31 33 28 33 26 33 31 25 24
18 33 8 0 2 0 8 2 9 33 15 33 20 33 18 32 23 27 33 15
1 21 0 21 1 19 33 32 22 32 29 32 31 28 31 32 22 32 23 33
9 33 29 32 23 27 24 25 24 31 28 31 24 31 33 26 29 23 32 2
26 33 14 33 13 0 17 1 21 1 19 0 17 0 19 0 8 30 33 29
17 0 10 5 10 0 19 33 14 33 32 31 33 30 1 7 1 17 0 31
32 30 8 2 27 2 7 2 28 31 24 25 24 25 23 32 31 32 8 33
28 2 32 14 32 31 0 2 13 33 19 0 2 3 12 3 12 3 2 1
4 0 3 0 12 0 8 33 13 0 3 1 21 0 1 3 13 0 6 4
10 5 0 4 6 4 10 5 10 5 10 5 16 5 16 5 6 4 10 4
13 3 0 8 32 15 32 33 30 33 28 2 9 33 9 2 9 33 9 2
3 13 3 7 1 13 2 27 23 27 24 27 24 31 33 14 32 8 2 28
27 33 14 32 33 29 33 9 33 30 1 19 0 3 12 3 7 0 7 3
31 32 30 1 13 0 31 25 23 32 15 33 28 31 0 6 5 0 10 0
12 3 12 3 13 2 27 23 25 31 33 8 33 29 26 29 26 33 22 33
24 27 24 27 24 25 31 24 27 2 3 12 3 2 27 23 32 23 29 26
14 32 23 29 23 32 33 29 23 25 24 25 31 32 33 13 33 18 33 29
22 32 14 33 29 32 22 32 30 32 20 32 8 30 32 30 32 30 8 30
24 31 24 27 24 27 24 31 32 20 33 19 0 31 28 33 26 33 19 33
6 0 2 3 12 3 1 13 2 3 2 8 0 3 2 32 29 33 23 32
17 1 19 33 15 33 26 33 27 33 32 33 31 33 18 32 20 32 23 29
23 25 31 24 31 33 20 33 9 33 18 33 26 29 32 22 32 30 1 13
3 12 3 2 8 33 13 33 27 2 1 7 0 6 0 2 28 31 33 23
29 32 29 26 29 33 28 33 18 33 30 32 15 32 14 32 18 33 23 27
33 15 33 26 33 13 0 13 2 13 3 1 13 33 14 33 28 2 32 29
7 2 8 0 1 19 33 15 33 28 33 19 0 6 16 5 0 12 0 6
10 4 6 5 6 4 0 11 0 21 1 3 13 1 19 0 7 3 0 11
8 30 8 33 29 26 33 13 2 28 31 28 31 33 32 8 33 20 33 18
18 32 20 32 20 33 14 32 2 9 2 9 33 14 33 15 32 18 32 29
16 6 5 6 5 16 6 5 10 5 10 5 10 0 5 16 5 6 4 0
31 28 31 24 31 32 30 33 26 33 9 2 1 7 0 6 0 2 3 1
4 10 0 7 2 0 4 0 13 33 8 0 8 2 28 31 24 27 23 27
11 0 6 4 6 4 6 4 0 4 6 4 10 0 17 1 3 7 3 1
2 3 7 0 11 0 5 6 16 5 16 5 10 0 4 0 4 10 4 10
27 2 7 1 7 2 3 7 1 30 32 22 33 22 33 27 24 27 24 31
28 2 27 2 13 2 28 33 23 33 14 32 31 25 31 24 25 24 27 24
1 30 8 33 31 25 31 0 8 32 22 33 9 33 19 33 15 32 20 32
0 5 10 0 7 3 2 32 30 33 19 33 14 32 33 19 33 8 30 33
13 3 0 19 33 14 33 28 2 32 2 7 1 13 0 7 3 13 3 7
15 32 18 33 30 32 31 28 2 28 2 28 33 23 27 33 18 33 13 1
25 31 28 2 1 7 1 0 1 21 1 7 1 30 1 0 5 10 0 2
30 1 30 33 28 33 23 25 31 28 31 28 31 33 30 8 30 32 20 33
20 33 26 29 33 14 33 14 32 23 33 23 25 31 32 2 32 22 32 33
19 1 3 2 9 2 1 21 1 30 8 30 32 15 32 23 32 8 32 8
32 15 32 2 13 1 0 6 0 31 33 29 33 29 26 29 32 22 33 8
21 1 0 7 3 0 5 6 0 1 19 33 30 1 21 0 10 4 0 3
9 2 32 2 3 13 0 2 32 31 0 13 1 13 1 13 3 2 3 2
26 29 32 2 27 2 32 33 9 2 7 0 5 0 17 1 21 1 0 2
5 0 5 10 5 16 6 5 6 5 0 2 0 1 30 32 20 33 15 32
12 3 13 1 30 32 22 32 22 32 8 0 4 10 0 5 6 16 6 5
17 0 31 32 33 30 33 27 33 15 32 14 32 2 0 2 3 2 28 2
11 0 5 0 6 5 6 16 6 16 6 4 10 4 10 5 0 19 0 21
29 23 29 32 18 33 8 33 22 33 28 31 25 31 25 31 28 31 32 20
21 0 11 0 31 25 24 25 31 25 31 32 2 32 8 33 26 33 30 33
25 23 27 2 32 29 32 31 25 24 31 32 20 33 32 15 32 20 33 14
7 0 17 0 7 0 10 4 0 7 3 0 7 2 28 31 0 17 0 1
27 24 31 32 18 33 32 29 26 29 33 27 2 8 33 8 0 3 7 1
23 25 31 33 32 20 33 28 31 28 31 25 31 28 31 24 31 0 1 7
32 30 32 20 32 8 30 8 30 8 30 8 33 22 33 20 33 29 33 19
19 33 22 32 14 33 29 33 28 31 32 22 33 8 0 31 32 29 32 20
28 31 25 24 27 23 32 20 33 22 32 29 26 33 23 33 28 2 27 2
33 28 2 9 2 9 33 29 26 29 32 15 33 15 32 23 29 33 27 23
12 3 13 33 14 32 33 31 28 31 33 20 32 23 25 31 0 4 6 0
18 33 32 23 33 9 2 9 2 7 0 7 1 7 0 12 3 7 2 32
16 5 6 4 0 3 1 2 9 2 27 24 25 23 29 26 33 26 33 18
9 33 29 23 29 26 29 23 32 31 28 33 22 33 22 32 18 33 31 32
1 13 33 9 2 8 33 9 33 13 3 2 28 33 15 33 13 2 9 33
8 0 19 0 21 0 2 9 2 3 13 33 13 1 13 3 7 0 1 0
31 0 10 0 21 1 30 32 30 32 30 1 17 1 3 2 8 32 2 13
22 33 8 33 26 29 26 29 33 22 32 2 3 2 7 1 13 2 0 5
10 0 7 1 0 11 0 2 32 23 27 33 9 2 0 8 0 8 0 11
4 6 4 10 5 16 5 0 1 0 6 4 10 0 21 0 2 9 33 26
5 16 6 5 6 5 6 4 0 13 1 21 1 19 0 3 13 3 2 9
20 32 30 33 19 0 8 33 19 33 30 32 15 33 15 33 13 1 7 0
15 32 15 32 2 28 31 32 29 32 18 33 13 2 9 33 32 33 22 33
0 3 1 21 0 13 33 9 33 26 33 30 8 30 1 21 1 7 3 12
30 1 7 1 7 1 30 1 2 28 31 28 31 33 27 24 25 24 31 0
24 25 24 31 25 24 31 24 31 24 31 24 25 24 25 23 27 24 27 2
26 29 32 8 2 13 33 9 33 14 33 18 32 30 33 13 2 0 17 0
2 3 0 3 7 1 19 1 3 13 2 13 2 32 31 33 26 33 29 23
13 0 5 0 4 6 0 3 1 2 7 3 7 3 1 13 1 21 1 7
3 13 1 7 2 13 2 13 2 1 30 1 21 0 7 1 21 1 7 0
6 4 10 5 0 12 3 13 0 3 2 13 3 2 1 0 12 3 0 3
14 33 29 33 20 33 29 26 29 23 32 29 26 33 14 32 22 32 29 26
21 0 31 24 25 23 29 26 33 14 33 15 32 23 29 23 33 9 2 1
31 33 20 33 29 23 29 26 33 8 33 23 29 23 29 33 29 32 29 23
32 29 23 29 33 15 32 30 1 0 12 3 13 33 18 32 23 27 33 19
7 3 0 3 0 1 30 32 15 33 27 23 32 23 33 29 32 30 1 7
33 18 32 14 32 20 32 22 32 31 28 2 13 3 1 21 1 2 28 2
2 9 33 14 32 33 8 33 28 2 3 7 1 30 1 13 1 19 1 7
10 4 6 0 8 30 32 29 26 33 15 32 8 2 0 17 1 2 27 33
11 0 31 28 31 0 7 1 21 1 21 0 6 16 6 4 6 0 13 3
24 25 24 31 24 31 24 25 24 25 31 0 10 4 6 5 0 4 10 0
5 16 6 0 13 33 15 33 9 2 3 12 3 2 13 33 32 15 33 27
25 31 33 18 33 29 23 29 33 20 32 14 32 23 29 33 20 32 15 33
30 8 0 6 16 5 6 0 5 10 5 10 0 1 21 1 13 1 21 1
29 33 29 33 9 2 8 32 23 25 31 33 28 33 32 29 26 29 23 29
28 31 25 31 25 24 25 23 25 23 32 14 32 30 8 32 20 33 23 25
8 2 28 2 9 2 28 33 18 32 8 33 8 30 32 14 33 13 2 28
15 32 20 33 15 33 22 32 33 32 29 23 33 13 2 8 30 32 14 33
0 5 16 5 16 6 16 6 16 5 16 6 0 2 13 2 28 2 1 3
20 32 2 13 3 1 3 0 4 6 0 6 0 17 1 30 1 3 13 1
23 29 26 33 14 32 33 26 33 9 2 3 7 2 3 2 9 33 19 1
19 33 30 8 0 1 21 1 13 1 30 1 19 0 19 1 3 13 1 2
22 33 27 23 33 29 26 29 26 29 32 14 32 20 32 20 33 30 33 8
1 21 0 31 0 2 32 29 33 20 32 15 32 22 32 20 32 29 32 15
16 6 5 6 5 16 6 4 6 5 10 4 0 17 1 19 33 13 1 3
17 1 13 3 7 3 13 2 27 23 33 29 32 14 32 2 9 2 32 31
6 16 5 10 0 2 13 3 1 3 0 10 4 6 0 5 0 5 10 0
3 7 0 21 1 17 0 8 32 22 32 15 33 29 26 33 8 30 8 30
13 33 23 25 23 29 26 33 29 23 29 23 32 33 23 32 8 30 33 20
26 29 32 33 15 33 28 2 28 2 32 22 32 29 23 27 2 8 2 27
12 0 31 0 17 0 3 2 27 33 8 2 3 13 33 32 8 0 13 2
18 32 2 13 1 2 9 2 28 31 32 22 32 31 33 14 33 14 32 31
14 33 31 25 24 25 31 0 10 5 0 2 1 13 2 8 33 23 32 8
4 0 8 2 8 2 0 31 24 31 0 13 2 1 2 13 33 15 33 29
9 33 14 32 33 23 25 31 32 33 23 29 26 33 29 33 26 29 33 19
27 2 32 20 32 22 32 23 27 23 27 24 31 25 31 32 14 32 23 27
22 33 15 32 31 24 31 32 14 32 20 32 29 33 30 32 20 33 31 25
2 7 0 10 5 6 0 4 0 19 0 2 0 11 0 31 24 27 23 29
1 17 0 31 28 2 8 32 30 1 17 0 8 0 1 30 32 22 33 15
25 23 33 13 3 12 3 12 0 4 0 4 0 4 0 19 1 0 17 0
16 6 4 10 5 16 6 0 17 0 11 0 1 2 0 21 1 21 0 4
14 32 18 33 32 29 32 33 22 32 33 32 14 33 31 25 24 27 33 31
6 16 6 4 0 7 0 17 1 3 1 21 1 7 3 1 19 33 13 2
4 6 0 6 0 6 4 10 5 6 5 6 0 12 0 17 1 2 1 21
24 31 32 29 23 25 23 32 15 33 20 32 33 15 32 23 33 15 32 20
3 13 1 3 0 2 7 3 12 0 19 33 8 2 0 4 10 5 6 16
20 32 20 32 20 33 8 30 33 18 32 14 32 23 29 26 33 23 33 14
7 1 13 33 18 32 23 33 20 33 28 33 20 32 8 2 3 12 0 8
26 29 23 32 2 13 1 2 0 7 0 8 30 8 32 20 33 27 23 25
0 8 30 8 30 8 30 1 2 32 20 32 8 32 8 0 17 1 7 1
11 0 13 0 2 1 19 0 6 0 5 6 5 16 5 16 5 10 5 16
21 0 11 0 2 27 23 27 2 1 19 33 28 2 8 32 2 8 0 21
5 6 16 5 16 6 5 10 5 6 0 6 5 6 0 7 2 0 5 16
9 33 13 1 7 0 11 0 5 6 5 0 17 1 13 3 2 1 7 2
19 0 31 32 31 0 8 32 15 32 15 33 18 32 15 32 22 33 9 33
31 0 17 0 6 5 0 13 0 31 24 31 24 27 2 8 2 0 31 24
17 1 13 0 5 0 8 0 4 6 5 0 1 0 11 0 11 0 8 0
28 2 32 14 32 18 33 13 1 3 1 2 9 33 23 33 26 33 26 29
33 23 25 24 31 25 23 29 23 32 8 2 7 1 19 0 4 10 4 6
30 8 33 27 24 31 0 5 6 4 10 5 16 6 0 11 0 8 0 1
12 3 1 17 1 30 32 30 32 30 32 15 33 23 33 26 33 31 24 27
29 23 25 23 25 23 25 24 25 24 31 0 1 13 0 17 0 5 16 5
13 3 0 5 10 0 11 0 10 0 13 0 4 10 0 3 0 5 0 19
27 33 15 33 26 29 32 18 33 20 32 20 32 33 28 2 0 17 0 3
15 33 28 33 9 2 3 2 13 2 3 2 1 13 0 4 10 5 0 17
10 0 2 3 7 1 30 8 32 15 33 26 33 32 15 33 20 33 31 32
8 30 33 13 0 1 13 0 19 33 28 33 31 33 28 2 1 13 0 7
32 29 33 20 33 14 32 30 33 32 29 26 33 23 27 2 7 0 11 0
18 32 30 32 31 0 1 17 0 11 0 11 0 11 0 17 0 19 0 1
23 32 8 2 1 21 1 30 33 23 32 14 32 22 33 22 32 20 32 31
14 32 15 33 29 23 32 30 8 30 1 13 3 12 3 13 1 30 8 0
21 0 5 10 5 6 16 5 10 5 0 7 3 7 0 12 3 7 2 3
29 23 32 8 30 32 18 33 32 14 32 30 32 29 33 27 24 27 2 8
18 32 33 18 33 27 33 8 2 32 15 32 20 32 30 32 18 33 19 1
15 32 20 32 15 33 13 0 3 12 3 2 0 8 2 7 2 8 30 8
2 28 33 8 33 14 33 9 2 7 3 13 3 2 13 1 3 0 19 0
24 25 24 27 2 28 33 28 31 25 24 25 23 33 29 26 33 19 1 17
9 33 18 33 28 2 0 7 3 13 1 7 3 0 8 32 14 33 29 26
8 30 1 13 1 21 0 7 3 0 21 0 13 33 20 33 30 8 0 12
27 23 27 33 18 32 8 0 4 0 13 33 13 3 12 0 13 3 2 1
23 29 33 14 32 29 33 18 33 28 33 28 33 22 33 26 33 27 2 13
7 0 6 16 6 0 2 27 23 25 31 33 22 33 8 2 8 30 32 29
33 32 2 28 31 25 31 32 22 33 29 32 22 32 18 33 30 32 31 28
3 0 12 0 5 6 5 16 6 4 6 5 10 5 10 0 3 1 19 1
32 29 23 25 24 31 24 25 24 27 24 31 28 2 7 0 10 4 0 8
5 6 4 6 0 5 10 0 7 3 2 27 23 25 31 25 24 27 2 7
17 0 6 5 6 5 10 4 6 0 2 1 3 7 0 19 0 19 1 17
31 32 18 33 27 23 29 33 31 0 17 1 19 0 2 27 33 32 8 30
19 0 6 0 2 27 33 32 20 33 30 8 2 27 23 29 32 31 32 29
16 5 10 5 0 11 0 8 33 32 30 33 26 33 20 33 20 32 8 33
13 33 13 2 27 2 28 31 25 24 25 24 27 33 26 33 15 33 19 0
28 31 24 25 31 28 31 33 18 33 14 33 23 29 23 33 18 33 22 33
10 0 3 2 3 13 3 2 3 2 1 0 11 0 10 0 17 1 0 13
0 21 1 21 1 21 0 4 10 5 0 7 0 6 16 5 6 0 6 16
25 23 32 8 0 21 0 11 0 31 32 15 32 22 32 22 33 29 26 29
4 10 5 0 5 16 6 4 0 3 13 33 22 33 20 33 22 32 2 3
26 29 33 19 1 7 3 2 7 3 0 8 32 14 33 28 31 24 27 24
20 33 13 33 22 32 15 32 18 33 31 0 2 7 1 2 28 2 7 3
11 0 11 0 31 33 26 33 26 29 26 29 23 33 26 29 23 33 20 32
6 0 3 1 19 0 17 1 0 31 28 33 23 32 2 7 1 0 1 7
1 7 3 7 0 8 0 17 0 1 30 8 33 32 23 27 2 32 23 32
30 32 29 33 9 33 23 27 33 9 2 32 18 32 14 33 13 1 2 13
22 33 32 18 32 29 32 15 33 31 0 4 6 16 5 6 5 10 0 4
12 3 12 0 12 3 0 6 4 0 11 0 6 16 6 0 3 13 1 17
0 17 0 11 0 2 9 2 1 7 1 17 1 3 12 3 2 13 3 12
12 3 1 21 1 7 0 4 10 5 10 0 13 2 7 1 7 1 3 1
16 6 4 10 4 0 3 0 21 0 3 1 0 2 7 2 9 33 32 8
23 33 19 33 30 1 2 7 2 8 32 18 32 33 8 0 7 1 17 1
26 33 18 33 27 2 1 7 1 7 0 21 1 19 33 9 33 8 30 8
6 16 5 10 5 16 6 5 0 1 13 3 12 3 7 0 4 6 16 5
24 27 33 28 31 33 9 2 3 12 0 19 0 13 0 19 0 13 3 12
31 28 31 33 23 33 30 32 29 33 8 30 1 21 0 6 5 10 5 10
32 15 32 20 32 2 0 19 33 23 32 30 8 32 15 33 26 33 22 33
19 0 1 13 33 8 33 28 31 32 33 15 32 2 13 2 3 1 2 0
13 0 13 0 1 0 12 3 13 1 3 13 3 12 3 2 0 10 5 6
4 6 16 5 10 5 16 5 10 4 10 4 10 0 5 16 5 10 5 10
10 5 16 6 4 10 0 3 12 0 2 0 11 0 11 0 4 10 4 0
15 32 33 19 0 12 3 0 31 28 31 0 5 0 1 30 33 22 32 15
5 6 16 5 10 4 10 4 10 5 6 4 10 5 16 6 0 8 30 32
14 33 26 33 15 33 9 2 32 15 32 14 33 13 1 17 1 21 0 2
21 0 19 1 19 0 19 33 31 33 30 33 19 0 6 16 6 4 10 0
29 26 29 26 29 32 30 33 14 32 23 27 24 25 24 31 28 31 25 23
33 26 29 33 15 33 9 2 32 2 28 31 32 31 33 15 33 18 32 2
1 3 7 1 19 0 2 7 2 9 2 9 2 9 2 27 24 25 24 25
8 33 29 23 32 22 33 14 33 23 32 8 30 8 0 7 3 0 21 1
11 0 12 3 7 3 7 1 17 0 19 1 2 32 33 18 32 15 32 20
3 1 21 0 3 0 8 2 7 2 32 22 32 15 33 29 32 22 32 29
20 33 19 0 19 33 27 23 27 33 31 25 24 31 33 22 33 27 23 29
30 32 20 33 8 30 32 29 32 30 32 23 27 23 29 32 15 33 14 32
9 33 13 0 21 1 3 0 1 17 0 5 10 0 10 4 6 0 3 0
28 2 0 21 0 2 7 3 1 3 13 3 12 0 6 4 0 2 28 31
2 3 1 30 32 15 33 18 32 30 32 33 30 33 8 2 7 1 7 1
25 24 27 23 29 26 29 26 29 32 15 32 15 32 22 33 28 33 31 28
18 33 20 32 8 32 2 1 17 1 2 9 2 27 24 31 33 8 2 1
27 33 13 33 27 23 25 24 25 24 31 0 5 16 6 0 10 4 6 16
22 32 22 32 15 33 18 32 15 33 19 0 7 3 7 2 8 2 1 0
17 0 1 0 11 0 11 0 12 3 2 27 24 31 0 11 0 10 5 0
7 1 3 12 0 8 33 22 33 28 33 15 32 31 32 2 7 1 19 1
